id volume peso recompensa duração(s)
14358 19 16 1319 385
13379 19 19 873 118
3944 13 23 916 1026
8755 25 22 861 590
1925 3 23 571 632
9442 9 19 775 997
13790 20 23 1551 986
11460 23 13 206 128
5270 22 3 480 1037
7651 3 16 501 692
13354 6 19 486 789
5108 22 19 1628 332
9599 3 13 1502 270
11227 19 3 762 269
3083 10 19 1278 267
9623 3 3 699 786
156 13 29 1255 923
9005 23 7 983 372
7498 23 26 1913 600
9167 26 20 971 308
13275 6 16 1023 132
7868 16 22 491 581
9564 19 25 305 782
12154 19 28 486 840
10164 25 13 609 1070
1121 9 13 1442 168
4614 22 22 318 898
3608 22 3 1492 283
5569 19 13 1904 276
8991 3 16 1796 762
6917 16 16 706 408
6899 7 13 1210 414
12391 6 22 666 504
365 3 13 751 234
3095 13 6 223 597
9801 13 6 490 406
9451 6 6 779 122
1571 16 29 1730 638
2228 20 23 1236 246
13523 20 7 386 964
5467 6 16 618 1039
4561 19 22 735 193
11280 6 6 1058 294
2617 26 13 1295 104
2457 3 9 1558 1056
12563 3 7 1565 226
863 19 16 1012 845
4394 26 6 1156 1073
12762 28 19 828 888
13433 13 29 626 332
12450 3 16 220 351
12180 19 19 1956 207
1092 16 13 671 726
4013 3 19 754 984
458 28 6 707 517
3134 20 7 386 964
14061 20 16 823 524
11808 3 19 1928 713
12312 7 20 1577 1043
507 6 29 1800 116
11416 6 3 1176 551
11698 26 22 1165 1100
1471 10 19 1278 267
13712 19 26 836 356
6430 13 3 621 723
9930 16 29 1883 380
3099 9 19 775 997
13585 16 3 836 819
11778 7 3 1607 273
7247 9 22 452 901
4173 19 13 1875 107
10424 26 26 1790 648
12634 16 26 1789 1077
1811 3 13 1889 538
10484 9 16 814 281
8951 13 26 1639 927
11530 13 10 629 410
13101 26 6 774 314
3919 6 22 562 614
144 28 6 1636 436
1910 16 29 1883 380
6353 3 22 1662 201
4072 16 10 1309 888
7505 16 6 755 874
1163 26 19 1397 1043
6559 3 7 1565 226
2666 6 6 1921 197
1701 22 3 338 357
6961 25 19 1889 468
13895 3 13 1210 892
9875 29 16 1442 123
5555 6 3 615 970
11797 13 3 203 818
8651 6 3 453 537
671 16 3 279 744
9324 13 26 1253 542
7138 19 9 1059 580
8388 9 16 814 281
7234 26 19 244 1055
5515 13 3 795 302
1289 13 23 560 244
6427 20 13 848 198
11805 19 16 1489 751
14209 20 10 1569 720
4049 9 13 211 1039
2793 22 3 480 1037
14012 3 13 633 583
11304 23 16 868 608
11244 26 20 971 308
6413 19 28 486 840
14353 7 7 1524 189
2587 19 6 217 732
2792 22 19 470 470
573 13 26 1073 1066
14091 19 26 836 356
1848 29 10 243 775
1136 22 3 338 357
13676 3 9 1558 1056
10804 13 3 795 302
10752 28 6 1208 309
1738 26 7 738 375
589 3 19 754 984
11582 16 29 1083 521
1436 25 28 724 816
11179 26 16 403 402
6384 9 22 909 192
7380 19 25 854 790
13552 25 22 580 176
4853 22 19 470 470
1267 26 16 1296 524
5747 22 10 1848 196
14170 10 13 419 950
11769 6 13 1201 715
11529 29 16 1442 123
5516 6 28 1820 271
8595 29 23 1148 789
289 16 28 935 528
10053 16 3 279 744
13031 6 13 1201 715
4492 26 10 574 593
6335 6 6 1445 1014
14378 6 16 1023 132
2131 29 22 561 236
11832 16 6 1907 397
2715 19 13 1784 152
4852 6 29 1800 116
11949 7 26 634 751
3799 19 26 836 356
1096 25 13 546 1056
3321 16 3 477 194
12993 20 23 1236 246
2249 3 13 1210 892
5586 28 16 827 999
7922 10 3 1641 417
11924 6 29 1859 261
78 16 10 1309 888
9071 3 19 952 540
13548 3 20 1263 905
10863 16 13 654 720
6746 19 9 1059 580
11480 16 3 279 744
6197 13 29 1255 923
1349 19 16 1319 385
10216 10 6 1747 577
8126 3 3 699 786
7183 22 10 1079 154
13504 3 10 984 463
1832 3 16 1391 846
6163 20 13 848 198
5262 3 10 984 463
5271 25 19 1753 524
7972 16 22 1579 619
2165 10 29 1194 399
13320 25 28 521 989
9486 3 19 585 827
159 29 20 1160 237
6200 16 10 396 514
3396 10 13 1315 328
4411 6 6 1445 1014
2791 28 6 1953 299
5401 20 23 204 293
1526 25 16 1200 591
8882 3 3 355 869
584 10 13 419 950
1252 3 16 1391 846
3160 22 19 470 470
12106 9 19 1281 241
8734 13 29 719 531
1739 13 3 203 818
5268 9 9 1137 1019
1091 13 26 396 664
176 13 13 1679 146
2417 25 28 1370 535
2866 3 19 901 980
5789 6 16 1023 132
4827 10 3 547 766
11508 6 19 1591 138
2605 22 29 1500 828
7875 25 22 1331 509
2366 22 13 709 953
12941 10 26 1229 237
7985 26 7 618 442
2999 13 9 1857 1017
8859 25 19 1753 524
4471 22 10 1079 154
10006 26 6 1627 732
8487 19 22 1440 777
253 7 20 1241 674
4839 10 10 588 654
10898 19 9 1897 881
12414 3 22 1662 201
12199 3 13 1313 1080
9555 16 28 1821 660
4171 16 19 1193 338
3451 9 6 748 381
10987 28 22 1166 491
10614 13 23 560 244
5409 9 13 1442 168
1817 6 28 1820 271
9744 23 26 1913 600
1007 7 26 1257 632
12507 25 28 521 989
10831 6 10 465 900
7391 28 19 1240 826
8288 6 29 1800 116
2524 22 13 226 631
7652 16 29 1730 638
12754 19 3 638 618
14144 22 6 683 553
2530 16 13 367 703
10038 16 13 1121 641
14264 19 16 1489 751
11138 3 3 715 977
9872 13 10 738 190
8754 10 22 1694 969
8814 29 16 584 203
975 16 29 1730 638
4438 13 13 1710 800
4312 26 29 1233 434
5241 26 22 1065 616
10472 6 3 453 537
1486 28 19 1240 826
12889 29 10 1463 145
6505 20 16 1200 991
6003 13 16 1785 297
7301 13 13 1679 146
