50 3 20 1263 905
51 22 13 293 191
52 3 19 600 422
53 7 26 634 751
54 3 9 1558 1056
55 26 26 1790 648
56 26 20 971 308
57 13 9 820 552
58 16 10 1508 454
59 23 26 1520 942
60 22 13 667 765
61 26 22 1348 605
62 3 7 1565 226
63 25 6 216 182
64 29 29 763 971
65 23 20 1536 804
66 22 19 783 277
67 16 6 1332 642
68 7 3 1823 958
69 28 6 1065 121
70 16 10 1081 1064
71 7 20 1880 705
72 16 28 1821 660
73 26 6 1627 732
74 13 10 483 694
75 25 28 221 802
76 26 26 496 520
77 13 20 1925 840
78 6 28 1820 271
79 29 29 1019 326
80 26 26 716 445
81 25 28 521 989
82 19 13 1784 152
83 16 20 816 1079
84 25 28 1909 396
85 10 10 588 654
86 26 29 1233 434
87 19 6 1204 453
88 13 3 466 937
89 7 20 412 756
90 19 9 1059 580
91 22 3 480 1037
92 13 10 738 190
93 9 22 909 192
94 10 10 1856 576
95 7 26 1166 552
96 25 6 653 107
97 19 22 1719 159
98 3 13 633 583
99 22 16 1819 768
100 26 22 1487 269
101 20 10 1663 207
102 25 6 647 415
103 16 6 755 874
104 16 10 1309 888
105 9 19 1281 241
106 22 16 644 313
107 10 3 547 766
108 16 22 1579 619
109 16 29 1694 404
110 26 7 738 375
111 6 22 794 783
112 22 3 338 357
113 10 26 410 192
114 19 22 735 193
115 19 13 1688 640
116 29 26 719 600
117 6 3 615 970
118 22 19 287 752
119 23 20 437 996
120 9 22 452 901
121 19 13 1537 614
122 13 26 1253 542
123 25 19 1753 524
124 6 10 1572 528
125 10 26 1229 237
126 13 25 1467 1058
127 13 26 1073 1066
128 10 10 1285 483
129 9 19 775 997
130 16 29 1739 656
131 16 29 533 935
132 9 6 748 381
133 22 13 709 953
134 3 3 575 287
135 28 9 1185 918
136 6 19 486 789
137 16 13 654 720
138 3 22 1662 201
139 16 3 262 658
140 3 10 1475 786
141 6 3 453 537
142 22 16 1175 863
143 29 10 1463 145
144 3 13 1889 538
145 6 29 1800 116
146 7 7 1524 189
147 19 13 1904 276
148 6 29 1859 261
149 3 3 715 977
150 13 13 1714 399
151 22 10 1079 154
152 13 29 719 531
153 3 16 1456 192
154 13 3 795 302
155 13 13 1008 398
156 22 13 1897 272
157 29 22 561 236
158 29 26 1724 482
159 19 25 844 478
160 6 26 1143 180
161 16 26 1789 1077
162 16 19 1873 697
163 26 19 244 1055
164 23 13 206 128
165 3 16 220 351
166 6 6 631 145
167 10 3 1641 417
168 9 13 211 1039
169 26 16 1296 524
170 16 29 1593 882
171 25 16 1200 591
172 6 16 1023 132
173 13 10 1614 331
174 3 19 952 540
175 22 13 226 631
176 20 10 1569 720
177 22 25 1227 810
178 10 19 1278 267
179 23 29 1789 900
180 25 25 371 509
181 22 22 930 324
182 13 29 1255 923
183 9 25 1529 1008
184 22 16 1598 841
185 20 26 1863 104
186 19 22 1804 622
187 6 13 1201 715
188 20 7 386 964
189 25 22 1331 509
190 16 19 234 1001
191 10 13 419 950
192 25 28 1521 284
193 13 3 203 818
194 3 13 1502 270
195 28 16 827 999
196 29 29 969 833
197 3 20 1434 362
198 13 3 455 292
199 16 13 1477 513
200 26 20 1645 318
201 13 25 550 100
202 16 13 671 726
203 23 26 1594 1052
204 13 6 223 597
205 26 10 574 593
206 16 23 746 416
207 3 19 1928 713
208 16 10 396 514
209 7 23 907 152
210 22 3 1492 283
211 29 10 483 1038
212 23 23 1382 991
213 3 13 685 443
214 22 19 1628 332
215 20 23 1236 246
216 22 25 914 337
217 6 22 562 614
218 3 16 1796 762
219 6 6 1445 1014
220 26 13 1295 104
221 10 7 1801 301
222 3 13 1210 892
223 16 29 1883 380
224 29 20 1704 502
225 19 3 1814 369
226 19 3 784 755
227 10 29 1488 1094
228 28 19 828 888
229 16 6 1188 697
230 13 23 1714 347
231 13 3 699 1056
232 26 19 1397 1043
233 7 7 501 800
234 9 13 1442 168
235 19 6 217 732
236 10 16 1202 634
237 19 25 305 782
238 26 6 1156 1073
239 29 13 1014 130
240 6 19 1243 977
241 3 22 940 937
242 7 29 743 826
243 16 28 875 1094
244 10 29 676 526
245 23 26 1913 600
246 16 6 1907 397
247 10 13 347 187
248 7 16 789 650
249 9 25 849 1008
250 6 22 597 540
251 3 23 571 632
252 13 16 1838 354
253 26 22 1065 616
254 7 13 734 917
255 19 3 1982 619
256 19 22 1260 355
257 10 29 1065 111
258 28 22 330 563
259 10 6 1765 970
260 3 10 984 463
261 6 16 618 1039
262 3 3 355 869
263 7 10 1672 419
264 22 28 1002 795
265 26 26 1170 838
266 7 20 1577 1043
267 22 19 602 291
268 6 6 779 122
269 26 29 267 777
270 19 28 486 840
271 16 3 279 744
272 7 26 1257 632
273 22 9 1805 279
274 6 16 647 872
275 20 20 418 893
276 19 9 1897 881
277 22 22 318 898
278 29 16 584 203
279 16 22 491 581
280 16 3 477 194
281 29 20 1972 641
282 9 16 814 281
283 13 6 1475 889
284 7 20 1241 674
285 16 28 1863 653
286 22 10 1233 546
287 20 13 848 198
288 22 22 626 1048
289 13 10 629 410
290 29 16 1442 123
291 19 16 1319 385
292 19 16 1012 845
293 20 16 1200 991
294 25 22 580 176
295 19 6 324 237
296 10 13 414 478
297 28 6 1953 299
298 16 29 1142 878
299 13 3 690 686
300 19 28 213 755
300 19 28 213 755
301 22 29 1448 487
302 26 7 618 442
303 19 28 512 778
304 6 13 1713 686
305 3 13 1313 1080
306 16 16 1633 195
307 6 29 834 900
308 20 3 1785 160
309 16 28 935 528
310 16 29 1083 521
311 7 7 828 643
312 28 6 1636 436
313 3 19 901 980
314 20 16 823 524
315 9 6 1467 681
316 3 13 355 737
317 20 23 1551 986
318 22 28 1717 549
319 29 10 243 775
320 13 23 916 1026
321 19 3 638 618
322 10 22 1694 969
323 13 26 1639 927
324 19 3 1547 279
325 13 6 1062 195
326 20 7 894 300
327 19 16 1489 751
328 19 19 1990 106
329 29 26 1522 215
330 16 3 704 1025
331 16 16 878 697
332 13 29 626 332
333 28 6 1208 309
334 19 19 1956 207
335 7 29 598 161
336 19 3 522 1009
337 26 26 1261 1009
338 20 13 1054 815
339 6 19 996 631
340 19 22 691 728
341 20 23 204 293
341 20 23 204 293
342 9 9 427 447
343 19 13 884 455
344 3 10 1791 520
345 19 13 1040 651
346 6 22 666 504
347 10 13 1315 328
348 13 6 1987 926
349 16 29 1002 441
350 29 23 1148 789
351 22 6 683 553
352 10 6 542 430
353 23 29 957 387
354 16 16 706 408
355 19 22 1897 986
356 13 13 967 355
357 25 13 546 1056
358 19 13 1875 107
359 29 10 1657 287
360 3 13 1306 202
361 16 3 227 464
362 13 20 1951 729
363 13 6 1699 1020
364 22 19 470 470
365 13 23 560 244
366 25 22 861 590
367 19 22 1440 777
368 23 23 1366 481
369 28 19 1240 826
370 26 6 774 314
371 23 7 936 609
372 19 16 1351 615
373 19 26 309 271
374 7 10 1630 963
375 22 22 265 766
376 29 19 1268 1095
377 23 29 1232 389
378 28 16 327 1010
379 22 3 1565 763
380 13 16 1785 297
381 13 6 580 558
382 22 29 1500 828
383 7 16 764 617
384 28 25 952 377
385 10 19 709 692
386 20 13 636 446
387 16 3 1518 1053
388 10 6 1747 577
389 23 3 1396 143
390 25 22 471 448
391 26 22 1513 447
392 3 3 699 786
393 3 13 530 916
394 6 10 465 900
395 3 13 751 234
396 6 6 1058 294
397 3 3 1563 535
398 10 23 1205 1088
399 6 19 1185 822
400 19 26 836 356
401 7 13 1210 414
402 6 19 406 430
403 16 16 772 229
404 3 23 697 699
405 19 22 1200 449
406 13 10 606 592
407 23 7 983 372
408 22 28 347 1058
409 16 16 527 1100
410 23 20 1786 1041
411 22 9 1509 598
412 6 10 713 921
413 20 16 851 446
414 25 13 609 1070
415 22 10 1848 196
416 3 16 1391 846
417 28 22 1166 491
418 26 29 610 917
419 16 29 1730 638
420 6 6 1921 197
421 26 22 1165 1100
422 23 16 1936 498
423 13 6 490 406
424 10 29 1194 399
425 23 23 881 353
426 19 6 1813 756
427 6 3 1176 551
428 13 13 1679 146
429 28 6 707 517
430 26 16 1303 358
431 7 3 1607 273
432 13 9 1857 1017
432 13 9 1857 1017
433 19 29 1523 353
433 19 29 1523 353
434 10 26 1843 187
434 10 26 1843 187
435 6 6 442 900
435 6 6 442 900
436 19 10 1820 348
436 19 10 1820 348
437 7 10 801 919
437 7 10 801 919
438 3 22 1768 195
438 3 22 1768 195
439 3 16 1105 256
439 3 16 1105 256
440 16 3 836 819
440 16 3 836 819
441 22 25 224 467
441 22 25 224 467
442 10 10 553 631
442 10 10 553 631
443 13 16 1894 625
443 13 16 1894 625
444 3 16 753 124
444 3 16 753 124
445 29 16 1369 817
445 29 16 1369 817
446 20 23 1325 338
446 20 23 1325 338
447 13 25 1026 365
447 13 25 1026 365
448 19 6 1108 1031
448 19 6 1108 1031
449 13 13 1710 800
449 13 13 1710 800
450 16 16 287 918
450 16 16 287 918
