id volume peso recompensa duração(s)
10399 28 6 1636 436
10398 7 23 907 152
10397 28 6 1208 309
10396 16 16 287 918
10395 20 13 848 198
10394 6 26 1991 318
10393 13 23 916 1026
10392 10 6 542 430
10391 6 10 1572 528
10390 6 6 1058 294
10389 22 22 930 324
10388 19 25 844 478
10387 16 13 1477 513
10386 6 6 1445 1014
10385 20 13 636 446
10384 20 13 636 446
10383 23 29 957 387
10382 16 29 1083 521
10381 6 6 631 145
10380 13 20 1925 840
10379 3 13 1502 270
10378 29 29 763 971
10377 10 10 588 654
10376 16 10 1309 888
10375 13 23 560 244
10374 19 25 305 782
10373 22 13 293 191
10372 26 13 1295 104
10371 13 26 396 664
10370 7 13 898 325
10369 29 20 1991 704
10368 7 7 501 800
10367 26 26 1170 838
10366 26 26 716 445
10365 19 6 1813 756
10364 6 16 618 1039
10363 29 16 1442 123
10362 13 9 1857 1017
10361 22 10 1079 154
10360 22 19 470 470
10359 19 26 836 356
10358 3 19 585 827
10357 13 13 1710 800
10356 16 19 1873 697
10355 19 13 1688 640
10354 22 10 1233 546
10353 19 13 1688 640
10352 9 6 1467 681
10351 20 10 1569 720
10350 19 28 213 755
10349 3 22 1662 201
10348 19 10 1820 348
10347 20 13 1054 815
10346 13 6 580 558
10345 16 3 1518 1053
10344 6 19 1591 138
10343 10 19 709 692
10342 6 16 647 872
10341 6 28 1820 271
10340 13 25 1026 365
10339 13 23 560 244
10338 22 13 226 631
10337 26 26 1790 648
10336 26 26 1170 838
10335 3 22 1662 201
10334 20 7 386 964
10333 16 13 707 359
10332 19 25 844 478
10331 6 16 1023 132
10330 6 26 1291 1035
10329 16 16 878 697
10328 16 28 935 528
10327 16 22 1579 619
10326 19 6 1813 756
10325 23 16 1936 498
10324 29 13 1014 130
10323 19 3 762 269
10322 29 29 1019 326
10321 16 10 1081 1064
10320 26 7 738 375
10319 10 19 709 692
10318 23 29 1789 900
10317 26 22 1628 925
10316 6 13 1713 686
10315 13 10 629 410
10314 6 6 1058 294
10313 10 3 1886 632
10312 25 22 1331 509
10311 13 23 916 1026
10310 29 20 1160 237
10309 3 22 1768 195
10308 6 26 1143 180
10307 7 16 789 650
10306 19 13 1875 107
10305 3 13 751 234
10304 13 25 1467 1058
10303 28 9 1185 918
10302 22 13 667 765
10301 16 13 707 359
10300 13 10 1614 331
10299 9 19 775 997
10298 20 13 1542 128
10297 25 16 1200 591
10296 16 28 875 1094
10295 13 6 223 597
10294 23 13 206 128
10293 19 22 1897 986
10292 3 20 1434 362
10291 3 3 575 287
10290 10 23 1205 1088
10289 28 22 330 563
10288 20 10 1569 720
10287 3 13 1502 270
10286 19 16 1967 865
10285 19 22 1260 355
10284 28 19 1240 826
10283 10 19 1278 267
10282 6 19 486 789
10281 19 3 1814 369
10280 13 13 1710 800
10279 3 16 1105 256
10278 3 10 1791 520
10277 10 23 1205 1088
10276 22 19 783 277
10275 19 16 1489 751
10274 3 13 751 234
10273 26 26 1261 1009
10272 22 9 1805 279
10271 29 29 763 971
10270 9 9 427 447
10269 6 26 1143 180
10268 6 13 1201 715
10267 10 10 1285 483
10266 10 19 1278 267
10265 16 29 1883 380
10264 16 28 935 528
10263 13 23 1714 347
10262 20 16 823 524
10261 22 10 1233 546
10260 10 10 1856 576
10259 19 13 1875 107
10258 9 13 211 1039
10257 6 16 618 1039
10256 16 10 396 514
10255 26 7 618 442
10254 19 13 884 455
10253 19 19 1956 207
10252 13 13 967 355
10251 6 22 562 614
10250 7 23 907 152
10249 26 20 971 308
10248 16 13 1718 114
10247 25 16 1200 591
10246 19 6 1204 453
10245 7 10 801 919
10244 16 13 671 726
10243 25 13 1251 384
10242 19 16 1351 615
10241 16 28 875 1094
10240 19 13 1040 651
10239 16 29 1593 882
10238 25 16 620 1002
10237 10 6 1747 577
10236 10 22 1694 969
10235 23 16 1918 1042
10234 26 22 1628 925
10233 16 16 878 697
10232 22 28 1717 549
10231 13 13 1710 800
10230 10 7 1801 301
10229 6 13 1201 715
10228 25 28 521 989
10227 28 6 1208 309
10226 16 19 1873 697
10225 10 23 1205 1088
10224 13 20 1925 840
10223 19 3 522 1009
10222 19 16 1489 751
10221 16 6 755 874
10220 22 29 1500 828
10219 26 29 267 777
10218 19 3 638 618
10217 3 16 753 124
10216 10 6 1747 577
10215 19 16 1967 865
10214 16 29 1002 441
10213 22 16 1175 863
10212 6 13 1201 715
10211 19 13 1040 651
10210 19 22 1804 622
10209 6 22 597 540
10208 7 16 789 650
10207 29 16 584 203
10206 6 19 486 789
10205 19 6 1813 756
10204 10 3 1641 417
10203 13 22 590 660
10202 10 6 1747 577
10201 9 22 452 901
10200 3 13 1306 202
10199 13 9 1857 1017
10198 29 10 1463 145
10197 13 22 590 660
10196 22 10 1079 154
10195 7 7 828 643
10194 7 20 1880 705
10193 29 26 719 600
10192 28 6 1953 299
10191 3 19 754 984
10190 29 16 1051 169
10189 13 10 1614 331
10188 16 28 1821 660
10187 25 25 371 509
10186 7 10 1672 419
10185 22 16 1819 768
10184 16 19 1193 338
10183 29 26 1724 482
10182 26 6 1156 1073
10181 23 20 1536 804
10180 16 29 1883 380
10179 19 6 324 237
10178 19 16 1012 845
10177 10 13 414 478
10176 13 6 1062 195
10175 3 20 1434 362
10174 7 26 1166 552
10173 22 9 1805 279
10172 16 19 234 1001
10171 13 6 1475 889
10170 3 22 1768 195
10169 22 3 338 357
10168 20 16 1200 991
10167 22 13 709 953
10166 3 19 600 422
10165 16 6 1332 642
10164 25 13 609 1070
10163 13 6 223 597
10162 16 3 836 819
10161 26 22 1065 616
10160 26 22 1513 447
10159 13 13 1679 146
10158 6 6 1058 294
10157 19 9 1897 881
10156 22 16 1175 863
10155 9 9 1137 1019
10154 26 6 774 314
10153 20 13 1542 128
10152 19 3 1547 279
10151 13 3 203 818
10150 6 29 1800 116
10149 22 22 930 324
10148 3 13 1907 307
10147 26 10 574 593
10146 22 22 626 1048
10145 26 26 716 445
10144 3 19 585 827
10143 13 29 1511 325
10142 16 6 755 874
10141 22 19 470 470
10140 26 26 496 520
10139 3 23 1410 1028
10138 13 6 1475 889
10137 22 13 667 765
10136 16 10 1309 888
10135 6 6 442 900
10134 20 13 636 446
10133 10 19 1278 267
10132 10 13 1315 328
10131 3 3 575 287
10130 6 19 1185 822
10129 10 3 547 766
10128 13 25 1467 1058
10127 23 3 1396 143
10126 10 3 1641 417
10125 13 25 550 100
10124 25 16 620 1002
10123 16 6 755 874
10122 13 26 1253 542
10121 20 16 1200 991
10120 23 20 437 996
10119 7 16 764 617
10118 6 19 996 631
10117 10 10 553 631
10116 22 3 480 1037
10115 19 26 836 356
10114 13 6 1987 926
10113 26 7 738 375
10112 3 16 1105 256
10111 6 3 1176 551
10110 22 13 293 191
10109 6 13 1201 715
10108 19 6 324 237
10107 19 28 213 755
10106 6 22 562 614
10105 22 16 982 229
10104 23 26 1520 942
10103 28 22 330 563
10102 20 3 1785 160
10101 10 13 1315 328
10100 7 29 743 826
10099 25 19 1753 524
10098 22 19 470 470
10097 23 23 1382 991
10096 23 26 1594 1052
10095 3 19 1928 713
10094 9 25 1529 1008
10093 19 22 1719 159
10092 19 13 1875 107
10091 13 6 1987 926
10090 13 10 738 190
10089 19 13 1875 107
10088 23 26 1913 600
10087 19 22 1440 777
10086 20 13 1054 815
10085 13 6 1699 1020
10084 10 10 1856 576
10083 13 3 466 937
10082 20 7 386 964
10081 25 28 1521 284
10080 16 13 1477 513
10079 10 19 1278 267
10078 22 13 709 953
10077 3 19 1928 713
10076 6 22 562 614
10075 19 13 1537 614
10074 13 6 580 558
10073 28 6 707 517
10072 16 3 704 1025
10071 19 28 213 755
10070 26 6 1156 1073
10069 10 10 1856 576
10068 29 26 719 600
10067 26 26 496 520
10066 3 19 901 980
10065 16 13 1718 114
10064 22 16 644 313
10063 6 22 597 540
10062 6 29 1859 261
10061 16 19 234 1001
10060 20 7 894 300
10059 19 13 1040 651
10058 22 22 318 898
10057 29 16 1369 817
10056 10 26 1843 187
10055 20 23 1325 338
10054 7 20 1880 705
10053 16 3 279 744
10052 23 26 1520 942
10051 16 13 671 726
10050 19 6 324 237
10049 19 6 1813 756
10048 16 28 1821 660
10047 19 25 854 790
10046 20 23 1551 986
10045 13 9 820 552
10044 23 26 1594 1052
10043 16 3 704 1025
10042 10 26 1229 237
10041 28 6 1065 121
10040 16 19 1873 697
10039 3 19 1432 1051
10038 16 13 1121 641
10037 9 19 775 997
10036 13 26 396 664
10035 19 28 946 1021
10034 3 16 1456 192
10033 26 13 1295 104
10032 3 3 715 977
10031 7 7 828 643
10030 16 16 706 408
10029 10 13 1315 328
10028 22 10 1079 154
10027 29 10 243 775
10026 16 19 234 1001
10025 23 29 957 387
10024 28 9 1185 918
10023 13 20 1925 840
10022 3 16 220 351
10021 6 26 1291 1035
10020 22 22 265 766
10019 10 22 1694 969
10018 16 29 1002 441
10017 7 3 1823 958
10016 19 22 1897 986
10015 16 6 1907 397
10014 26 29 610 917
10013 29 29 1019 326
10012 16 19 1873 697
10011 19 22 1804 622
10010 22 13 293 191
10009 10 26 410 192
10008 19 19 1437 576
10007 22 6 683 553
10006 26 6 1627 732
10005 13 13 1714 399
10004 26 22 1065 616
10003 19 22 735 193
10002 6 3 615 970
10001 13 23 560 244
10000 16 29 1142 878
9999 22 16 1598 841
9998 26 22 1513 447
9997 6 10 465 900
9996 13 3 466 937
9995 20 23 1236 246
9994 13 6 223 597
9993 22 3 480 1037
9992 22 19 470 470
9991 28 6 1953 299
9990 6 16 1023 132
9989 29 26 719 600
9988 28 19 1240 826
9987 3 13 1210 892
9986 3 10 1475 786
9985 7 7 501 800
9984 10 13 347 187
9983 26 22 1628 925
9982 23 26 1520 942
9981 6 19 1591 138
9980 13 16 1838 354
9979 3 3 575 287
9978 9 6 1467 681
9977 16 13 707 359
9976 6 22 794 783
9975 9 13 1442 168
9974 10 29 1065 111
9973 10 6 1765 970
9972 20 13 1542 128
9971 6 13 1201 715
9970 28 16 327 1010
9969 7 13 734 917
9968 25 28 724 816
9967 7 13 898 325
9966 6 16 647 872
9965 25 19 1889 468
9964 13 23 560 244
9963 19 19 1437 576
9962 6 6 631 145
9961 3 13 633 583
9960 23 23 881 353
9959 16 6 1907 397
9958 13 13 967 355
9957 3 13 1313 1080
9956 29 22 561 236
9955 22 16 1598 841
9954 7 26 634 751
9953 6 22 794 783
9952 9 13 211 1039
9951 6 10 465 900
9950 16 13 1477 513
9949 26 16 403 402
9948 25 22 471 448
9947 16 16 772 229
9946 19 19 873 118
9945 6 19 1243 977
9944 19 22 1200 449
9943 16 6 755 874
9942 29 29 763 971
9941 29 26 1522 215
9940 16 3 704 1025
9939 22 16 1819 768
9938 22 10 1079 154
9937 28 22 1166 491
9936 16 6 1907 397
9935 29 10 483 1038
9934 29 29 1019 326
9933 7 13 898 325
9932 3 19 952 540
9931 23 29 1232 389
9930 16 29 1883 380
9929 6 6 1445 1014
9928 13 16 1838 354
9927 26 6 1156 1073
9926 25 22 1331 509
9925 3 13 530 916
9924 7 16 789 650
9923 23 29 1789 900
9922 16 13 1121 641
9921 7 3 1823 958
9920 23 20 1786 1041
9919 22 3 480 1037
9918 6 19 1591 138
9917 16 13 1121 641
9916 13 3 466 937
9915 19 13 1784 152
9914 13 3 690 686
9913 7 7 501 800
9912 22 28 1717 549
9911 19 16 1489 751
9910 10 26 1843 187
9909 16 22 1579 619
9908 28 16 327 1010
9907 16 29 533 935
9906 16 13 707 359
9905 10 3 1886 632
9904 19 26 309 271
9903 13 10 738 190
9902 3 19 1928 713
9901 9 22 909 192
9900 13 10 483 694
