id volume peso recompensa duração(s)
7649 26 19 1397 1043
7648 16 29 1739 656
7647 10 16 1202 634
7646 25 13 1251 384
7645 20 10 1663 207
7644 20 23 204 293
7643 16 28 1821 660
7642 19 22 1200 449
7641 7 29 743 826
7640 13 29 719 531
7639 13 25 1467 1058
7638 20 23 204 293
7637 20 3 1785 160
7636 19 22 691 728
7635 13 3 621 723
7634 10 3 1641 417
7633 19 29 1523 353
7632 29 22 561 236
7631 7 13 898 325
7630 7 3 1607 273
7629 23 29 1232 389
7628 10 19 709 692
7627 3 9 1558 1056
7626 10 26 1843 187
7625 16 3 704 1025
7624 3 3 1563 535
7623 22 22 626 1048
7622 13 16 1785 297
7621 28 6 1953 299
7620 25 28 1370 535
7619 23 23 1382 991
7618 10 26 1229 237
7617 19 10 1820 348
7616 7 7 501 800
7615 19 22 735 193
7614 6 16 618 1039
7613 7 16 789 650
7612 3 13 355 737
7611 16 3 279 744
7610 3 16 220 351
7609 16 10 1309 888
7608 16 6 1188 697
7607 19 3 638 618
7606 29 23 1148 789
7605 23 3 1396 143
7604 20 23 204 293
7603 23 20 437 996
7602 6 26 1991 318
7601 16 6 1332 642
7600 25 25 371 509
7599 16 23 746 416
7598 16 3 1518 1053
7597 23 26 1520 942
7596 6 10 713 921
7595 19 3 1547 279
7594 6 19 406 430
7593 22 29 1448 487
7592 25 28 221 802
7591 16 26 1789 1077
7590 10 13 414 478
7589 7 29 598 161
7588 20 16 823 524
7587 19 22 1440 777
7586 16 26 1789 1077
7585 13 16 1838 354
7584 9 6 748 381
7583 29 26 1522 215
7582 29 20 1972 641
7581 26 20 971 308
7580 26 6 1627 732
7579 10 26 1229 237
7578 25 13 609 1070
7577 6 29 1859 261
7576 22 22 318 898
7575 9 25 849 1008
7574 19 26 309 271
7573 9 16 814 281
7572 25 28 724 816
7571 13 26 1073 1066
7570 6 29 834 900
7569 3 16 1456 192
7568 6 19 996 631
7567 20 23 204 293
7566 16 28 1821 660
7565 3 13 751 234
7564 28 22 330 563
7563 16 29 1002 441
7562 16 13 367 703
7561 26 20 1645 318
7560 3 16 220 351
7559 26 26 716 445
7558 19 22 1897 986
7557 26 19 1397 1043
7556 22 13 709 953
7555 16 10 1508 454
7554 22 25 914 337
7553 3 10 579 103
7552 6 3 1176 551
7551 26 16 1296 524
7550 10 13 347 187
7549 9 22 909 192
7548 19 28 512 778
7547 13 23 560 244
7546 25 13 546 1056
7545 20 16 823 524
7544 26 6 1627 732
7543 3 10 579 103
7542 9 9 1137 1019
7541 3 19 600 422
7540 23 20 1786 1041
7539 3 19 901 980
7538 16 29 1694 404
7537 22 16 982 229
7536 3 19 901 980
7535 13 6 1987 926
7534 13 10 606 592
7533 29 20 1704 502
7532 3 23 571 632
7531 19 28 512 778
7530 26 26 1261 1009
7529 29 29 969 833
7528 25 19 1889 468
7527 16 10 1508 454
7526 10 13 419 950
7525 7 16 764 617
7524 16 16 1633 195
7523 10 10 553 631
7522 6 22 794 783
7521 20 16 851 446
7520 20 13 636 446
7519 19 28 213 755
7518 19 3 638 618
7517 23 29 957 387
7516 16 28 1863 653
7515 3 13 633 583
7514 19 6 217 732
7513 29 26 1724 482
7512 23 3 1396 143
7511 16 13 367 703
7510 6 16 647 872
7509 6 29 1859 261
7508 13 6 490 406
7507 19 3 762 269
7506 20 16 823 524
7505 16 6 755 874
7504 29 19 1268 1095
7503 13 10 483 694
7502 23 16 868 608
7501 13 3 455 292
7500 10 10 588 654
7499 19 22 735 193
7498 23 26 1913 600
7497 6 19 406 430
7496 16 28 935 528
7495 7 13 898 325
7494 19 19 1990 106
7493 10 26 410 192
7492 29 26 1724 482
7491 3 10 984 463
7490 20 7 386 964
7489 16 28 935 528
7488 7 20 412 756
7487 20 23 1551 986
7486 9 16 814 281
7485 28 6 1953 299
7484 19 22 1897 986
7483 29 20 1991 704
7482 6 29 1800 116
7481 22 3 1492 283
7480 7 26 1257 632
7479 28 6 1208 309
7478 3 13 355 737
7477 25 22 580 176
7476 28 16 827 999
7475 20 23 1236 246
7474 10 29 1488 1094
7473 22 6 683 553
7472 3 19 754 984
7471 29 20 1704 502
7470 3 16 220 351
7469 25 28 1370 535
7468 7 26 1166 552
7467 26 20 971 308
7466 23 26 1520 942
7465 13 23 1714 347
7464 23 23 1382 991
7463 25 28 1521 284
7462 10 19 1278 267
7461 16 13 1477 513
7460 9 19 775 997
7459 19 3 1547 279
7458 13 26 396 664
7457 19 3 784 755
7456 25 28 221 802
7455 22 19 602 291
7454 25 28 221 802
7453 7 20 1241 674
7452 19 26 836 356
7451 19 16 1967 865
7450 22 16 1598 841
7449 22 6 683 553
7448 3 19 1928 713
7447 22 10 1848 196
7446 19 6 217 732
7445 10 10 553 631
7444 22 9 1805 279
7443 16 13 367 703
7442 3 13 633 583
7441 20 7 386 964
7440 26 26 1790 648
7439 20 23 1551 986
7438 3 13 1907 307
7437 23 20 1786 1041
7436 25 28 521 989
7435 19 22 691 728
7434 19 3 1982 619
7433 6 13 1713 686
7432 16 3 477 194
7431 3 13 355 737
7430 19 22 1897 986
7429 6 13 1713 686
7428 19 16 1967 865
7427 19 13 1784 152
7426 3 20 1434 362
7425 10 13 414 478
7424 16 3 262 658
7423 29 29 1019 326
7422 3 22 940 937
7421 23 20 1536 804
7420 10 10 588 654
7419 23 26 1594 1052
7418 22 19 783 277
7417 23 23 881 353
7416 28 6 1953 299
7415 29 20 1160 237
7414 22 9 1509 598
7413 3 16 1105 256
7412 16 13 671 726
7411 19 3 1982 619
7410 26 22 1487 269
7409 22 16 982 229
7408 6 6 779 122
7407 16 13 367 703
7406 26 20 1645 318
7405 13 13 1679 146
7404 19 13 1537 614
7403 19 16 1351 615
7402 23 16 868 608
7401 13 10 483 694
7400 6 28 1820 271
7399 6 26 1143 180
7398 3 20 1434 362
7397 9 6 748 381
7396 6 6 779 122
7395 29 29 1019 326
7394 26 6 1627 732
7393 3 10 984 463
7392 3 13 685 443
7391 28 19 1240 826
7390 10 26 410 192
7389 13 9 1857 1017
7388 13 6 1987 926
7387 10 22 1694 969
7386 28 22 1166 491
7385 26 20 971 308
7384 28 6 1636 436
7383 10 19 709 692
7382 23 29 957 387
7381 7 13 734 917
7380 19 25 854 790
7379 19 6 1813 756
7378 6 26 1143 180
7377 6 3 1347 609
7376 13 13 1679 146
7375 13 10 483 694
7374 29 29 969 833
7373 23 13 206 128
7372 16 13 1477 513
7371 22 3 1492 283
7370 23 7 936 609
7369 19 9 1059 580
7368 6 22 666 504
7367 23 7 983 372
7366 13 6 1475 889
7365 16 19 1193 338
7364 19 3 522 1009
7363 28 22 330 563
7362 22 6 683 553
7361 16 3 477 194
7360 22 3 1565 763
7359 29 20 1160 237
7358 6 26 1991 318
7357 23 16 1918 1042
7356 13 29 1255 923
7355 13 29 1255 923
7354 10 10 1856 576
7353 3 13 1502 270
7352 25 6 216 182
7351 20 16 851 446
7350 19 28 213 755
7349 6 22 794 783
7348 25 13 546 1056
7347 3 3 699 786
7346 7 20 412 756
7345 6 6 442 900
7344 28 6 1636 436
7343 25 28 521 989
7342 29 20 1972 641
7341 19 9 1059 580
7340 6 22 794 783
7339 16 3 477 194
7338 7 26 1166 552
7337 13 16 1838 354
7336 19 19 1956 207
7335 6 3 453 537
7334 25 6 653 107
7333 6 29 1859 261
7332 7 20 1577 1043
7331 6 6 1921 197
7330 13 16 1785 297
7329 25 28 1370 535
7328 10 29 1488 1094
7327 7 20 1880 705
7326 3 7 1565 226
7325 13 25 1026 365
7324 16 13 1718 114
7323 26 26 716 445
7322 20 10 1569 720
7321 29 16 1369 817
7320 13 6 223 597
7319 16 29 1694 404
7318 13 9 820 552
7317 29 29 969 833
7316 22 9 1509 598
7315 3 23 697 699
7314 16 22 491 581
7313 13 6 580 558
7312 3 13 1502 270
7311 23 29 957 387
7310 6 22 794 783
7309 22 19 287 752
7308 19 25 854 790
7307 6 6 1921 197
7306 22 10 1848 196
7305 19 28 946 1021
7304 29 16 1369 817
7303 16 29 1694 404
7302 19 16 1351 615
7301 13 13 1679 146
7300 6 10 1572 528
7299 20 26 1863 104
7298 6 19 1185 822
7297 3 3 699 786
7296 9 6 1467 681
7295 10 6 1747 577
7294 29 10 483 1038
7293 22 19 1628 332
7292 13 10 738 190
7291 25 25 371 509
7290 23 7 983 372
7289 10 22 1694 969
7288 22 16 982 229
7287 10 10 553 631
7286 7 23 907 152
7285 7 20 412 756
7284 26 29 1233 434
7283 13 3 795 302
7282 19 9 1059 580
7281 3 19 600 422
7280 20 23 1325 338
7279 29 23 1148 789
7278 16 10 1309 888
7277 13 6 1699 1020
7276 10 3 1641 417
7275 22 3 1492 283
7274 20 23 204 293
7273 9 22 909 192
7272 13 6 490 406
7271 22 16 1598 841
7270 3 13 1306 202
7269 20 13 1054 815
7268 28 6 1065 121
7267 25 22 1331 509
7266 9 25 1529 1008
7265 19 13 1904 276
7264 13 3 203 818
7263 10 19 709 692
7262 16 23 746 416
7261 7 13 734 917
7260 3 19 600 422
7259 13 6 223 597
7258 6 3 615 970
7257 20 16 851 446
7256 10 13 347 187
7255 19 3 522 1009
7254 3 3 575 287
7253 16 6 1332 642
7252 23 16 868 608
7251 28 16 327 1010
7250 26 10 574 593
7249 28 22 330 563
7248 16 29 1002 441
7247 9 22 452 901
7246 3 19 1432 1051
7245 19 3 522 1009
7244 13 3 621 723
7243 13 3 690 686
7242 3 3 715 977
7241 25 16 1200 591
7240 20 3 1785 160
7239 19 9 1897 881
7238 20 16 823 524
7237 13 6 1475 889
7236 26 26 1261 1009
7235 25 22 471 448
7234 26 19 244 1055
7233 7 29 598 161
7232 16 10 1309 888
7231 3 10 1791 520
7230 26 26 496 520
7229 20 7 386 964
7228 3 10 984 463
7227 16 16 878 697
7226 23 16 1936 498
7225 26 16 1303 358
7224 13 6 223 597
7223 16 6 755 874
7222 16 3 262 658
7221 3 16 1456 192
7220 23 26 1520 942
7219 23 7 983 372
7218 3 3 699 786
7217 26 19 1397 1043
7216 28 16 327 1010
7215 3 13 633 583
7214 25 28 521 989
7213 13 6 1062 195
7212 19 9 1897 881
7211 22 25 914 337
7210 19 16 1351 615
7209 26 26 496 520
7208 13 13 1714 399
7207 29 16 1051 169
7206 13 23 1714 347
7205 25 28 1370 535
7204 29 26 1522 215
7203 22 19 287 752
7202 25 28 1909 396
7201 13 16 1838 354
7200 3 10 984 463
