id volume peso recompensa duração(s)
12599 16 16 527 1100
12598 9 25 1529 1008
12597 6 22 666 504
12596 26 26 1261 1009
12595 22 22 930 324
12594 10 19 709 692
12593 13 13 1679 146
12592 13 3 466 937
12591 6 22 666 504
12590 16 29 1694 404
12589 19 9 1897 881
12588 29 26 1522 215
12587 3 16 220 351
12586 26 22 1165 1100
12585 13 20 1951 729
12584 13 6 580 558
12583 13 6 1699 1020
12582 29 22 561 236
12581 3 16 1456 192
12580 3 13 685 443
12579 16 16 878 697
12578 22 10 1233 546
12577 22 28 1717 549
12576 3 16 1456 192
12575 16 29 1730 638
12574 23 29 1232 389
12573 13 10 738 190
12572 22 19 287 752
12571 10 29 1488 1094
12570 16 10 1508 454
12569 20 16 851 446
12568 23 16 1918 1042
12567 13 16 1785 297
12566 6 13 1713 686
12565 9 9 427 447
12564 19 9 1059 580
12563 3 7 1565 226
12562 20 16 823 524
12561 20 7 386 964
12560 25 28 1370 535
12559 22 13 1897 272
12558 26 26 1261 1009
12557 3 13 472 300
12556 26 22 1348 605
12555 22 22 626 1048
12554 9 6 1467 681
12553 10 16 1202 634
12552 16 26 1590 728
12551 25 13 546 1056
12550 9 13 211 1039
12549 7 16 764 617
12548 9 13 211 1039
12547 23 20 437 996
12546 26 26 1261 1009
12545 10 29 1065 111
12544 19 22 1719 159
12543 3 13 472 300
12542 3 16 220 351
12541 29 10 243 775
12540 22 19 1628 332
12539 28 16 827 999
12538 3 3 699 786
12537 3 13 1502 270
12536 29 29 969 833
12535 20 16 1200 991
12534 6 19 1243 977
12533 19 19 1990 106
12532 9 22 452 901
12531 19 28 213 755
12530 28 19 1240 826
12529 7 20 1241 674
12528 26 19 1397 1043
12527 29 10 243 775
12526 16 28 935 528
12525 13 26 396 664
12524 22 22 265 766
12523 6 22 794 783
12522 13 3 455 292
12521 26 26 1170 838
12520 19 28 213 755
12519 10 26 1229 237
12518 25 25 371 509
12517 3 13 1306 202
12516 13 3 699 1056
12515 16 22 491 581
12514 28 6 1208 309
12513 23 7 936 609
12512 25 28 521 989
12511 29 29 763 971
12510 3 7 1565 226
12509 3 20 1645 316
12508 13 3 621 723
12507 25 28 521 989
12506 9 13 211 1039
12505 16 29 1142 878
12504 22 16 644 313
12503 13 9 820 552
12502 7 29 743 826
12501 7 23 1303 229
12500 16 16 527 1100
12499 16 13 1121 641
12498 7 3 1823 958
12497 22 28 1002 795
12496 23 23 1366 481
12495 22 19 287 752
12494 28 6 1636 436
12493 7 20 412 756
12492 23 23 1382 991
12491 22 19 287 752
12490 16 10 1081 1064
12489 28 6 707 517
12488 16 29 1593 882
12487 19 13 1537 614
12486 29 22 561 236
12485 22 16 1819 768
12484 29 26 719 600
12483 26 16 403 402
12482 20 10 1663 207
12481 19 22 1719 159
12480 3 19 585 827
12479 3 16 501 692
12478 10 29 676 526
12477 13 6 580 558
12476 22 22 318 898
12475 16 29 1593 882
12474 3 10 984 463
12473 19 19 873 118
12472 19 22 1719 159
12471 25 19 1753 524
12470 22 3 480 1037
12469 28 25 952 377
12468 9 9 1137 1019
12467 26 22 1348 605
12466 7 13 898 325
12465 23 29 1789 900
12464 16 29 1002 441
12463 19 25 854 790
12462 3 10 984 463
12461 26 16 403 402
12460 3 16 1456 192
12459 20 7 894 300
12458 3 19 585 827
12457 19 22 1260 355
12456 9 13 211 1039
12455 7 26 1166 552
12454 25 19 1889 468
12453 6 19 486 789
12452 6 3 1347 609
12451 9 19 1281 241
12450 3 16 220 351
12449 6 26 1143 180
12448 13 9 1857 1017
12447 6 22 562 614
12446 22 9 1805 279
12445 19 13 884 455
12444 3 13 530 916
12443 22 10 1233 546
12442 16 28 1863 653
12441 26 22 1065 616
12440 3 20 1434 362
12439 3 13 633 583
12438 22 13 293 191
12437 23 20 437 996
12436 25 22 580 176
12435 3 16 1105 256
12434 6 19 406 430
12433 19 13 1875 107
12432 25 16 1200 591
12431 13 26 1253 542
12430 25 6 647 415
12429 29 13 1014 130
12428 6 22 666 504
12427 26 29 1233 434
12426 13 6 1062 195
12425 19 22 1719 159
12424 13 10 483 694
12423 19 22 735 193
12422 26 29 1233 434
12421 22 10 1233 546
12420 22 16 644 313
12419 29 16 1369 817
12418 22 22 265 766
12417 16 3 279 744
12416 29 29 969 833
12415 10 16 1202 634
12414 3 22 1662 201
12413 22 25 1227 810
12412 26 16 403 402
12411 3 10 579 103
12410 25 6 216 182
12409 6 13 1713 686
12408 23 29 1232 389
12407 26 20 1645 318
12406 7 3 1823 958
12405 22 25 224 467
12404 9 13 211 1039
12403 22 22 265 766
12402 3 23 1410 1028
12401 16 16 287 918
12400 23 16 868 608
12399 6 29 1800 116
12398 6 6 1921 197
12397 13 16 1838 354
12396 19 19 1990 106
12395 3 3 355 869
12394 26 6 774 314
12393 16 13 1121 641
12392 26 26 496 520
12391 6 22 666 504
12390 16 16 706 408
12389 29 10 1463 145
12388 23 7 936 609
12387 22 10 1079 154
12386 20 23 1325 338
12385 6 6 564 1017
12384 6 29 1859 261
12383 3 3 715 977
12382 13 10 738 190
12381 13 9 820 552
12380 7 26 1257 632
12379 19 3 522 1009
12378 23 20 1786 1041
12377 6 10 713 921
12376 13 13 1679 146
12375 13 29 1511 325
12374 6 6 564 1017
12373 25 22 1331 509
12372 26 6 1156 1073
12371 13 29 719 531
12370 3 13 1306 202
12369 19 26 309 271
12368 6 19 996 631
12367 26 16 1296 524
12366 29 16 584 203
12365 19 13 1784 152
12364 10 29 1194 399
12363 6 6 779 122
12362 23 16 1936 498
12361 6 19 1591 138
12360 6 13 1201 715
12359 19 25 1263 748
12358 10 7 1801 301
12357 29 20 1160 237
12356 6 10 1572 528
12355 16 29 1730 638
12354 6 22 562 614
12353 13 13 967 355
12352 20 23 1325 338
12351 19 6 324 237
12350 9 9 427 447
12349 3 19 600 422
12348 13 6 1699 1020
12347 22 29 1500 828
12346 3 3 355 869
12345 10 29 1194 399
12344 26 22 1065 616
12343 22 10 1233 546
12342 10 29 1194 399
12341 22 22 265 766
12340 16 13 1718 114
12339 19 10 1820 348
12338 10 23 1205 1088
12337 25 22 861 590
12336 20 20 418 893
12335 13 29 719 531
12334 13 23 560 244
12333 13 26 1639 927
12332 13 6 1987 926
12331 13 29 1511 325
12330 25 19 1753 524
12329 3 3 1563 535
12328 16 6 1907 397
12327 26 29 610 917
12326 26 6 774 314
12325 16 22 1579 619
12324 10 3 547 766
12323 3 13 1210 892
12322 7 7 1524 189
12321 19 13 1875 107
12320 9 22 909 192
12319 19 6 1204 453
12318 3 19 901 980
12317 10 7 1801 301
12316 16 3 1518 1053
12315 20 13 636 446
12314 16 20 816 1079
12313 20 16 1200 991
12312 7 20 1577 1043
12311 19 28 946 1021
12310 19 9 1897 881
12309 3 23 571 632
12308 22 19 1628 332
12307 20 20 418 893
12306 3 19 585 827
12305 6 3 615 970
12304 26 13 1295 104
12303 6 6 631 145
12302 28 22 1166 491
12301 19 26 836 356
12300 3 3 699 786
12299 19 6 1204 453
12298 6 6 564 1017
12297 7 26 634 751
12296 13 13 1710 800
12295 3 3 1563 535
12294 26 22 1165 1100
12293 23 26 1594 1052
12292 16 29 1002 441
12291 16 22 491 581
12290 20 13 848 198
12289 25 28 724 816
12288 7 16 764 617
12287 20 13 636 446
12286 22 10 1233 546
12285 26 22 1065 616
12284 29 20 1160 237
12283 13 10 629 410
12282 29 10 243 775
12281 6 26 1291 1035
12280 26 10 574 593
12279 6 13 1713 686
12278 22 16 1598 841
12277 13 3 455 292
12276 13 23 916 1026
12275 6 22 597 540
12274 19 10 1820 348
12273 22 22 930 324
12272 26 13 1295 104
12271 9 6 1467 681
12270 6 3 1347 609
12269 10 13 347 187
12268 7 3 1607 273
12267 10 6 1765 970
12266 13 20 1925 840
12265 28 9 1185 918
12264 25 6 653 107
12263 10 10 553 631
12262 16 19 1873 697
12261 22 10 1848 196
12260 19 19 1990 106
12259 6 16 647 872
12258 13 6 223 597
12257 9 25 1529 1008
12256 3 13 530 916
12255 19 13 1688 640
12254 3 19 754 984
12253 23 16 868 608
12252 19 22 691 728
12251 19 28 512 778
12250 25 28 1370 535
12249 13 25 550 100
12248 16 29 1739 656
12247 10 26 410 192
12246 3 19 1928 713
12245 3 13 1313 1080
12244 22 3 1492 283
12243 29 13 1014 130
12242 22 22 265 766
12241 16 3 477 194
12240 29 10 1657 287
12239 9 6 748 381
12238 16 3 262 658
12237 16 22 1579 619
12236 20 13 636 446
12235 13 13 1679 146
12234 3 13 1306 202
12233 10 6 542 430
12232 25 13 546 1056
12231 3 10 1475 786
12230 22 25 1227 810
12229 13 22 590 660
12228 3 13 355 737
12227 7 20 1577 1043
12226 22 28 1002 795
12225 25 6 216 182
12224 22 9 1805 279
12223 13 29 719 531
12222 26 7 738 375
12221 23 16 868 608
12220 7 26 1257 632
12219 19 22 1897 986
12218 3 3 575 287
12217 3 13 530 916
12216 23 29 957 387
12215 3 10 579 103
12214 13 25 1026 365
12213 7 10 801 919
12212 25 6 216 182
12211 16 13 707 359
12210 19 16 1489 751
12209 26 20 971 308
12208 25 6 653 107
12207 3 16 753 124
12206 13 6 1475 889
12205 16 3 1518 1053
12204 13 10 738 190
12203 19 13 1688 640
12202 16 16 878 697
12201 22 19 783 277
12200 23 23 881 353
12199 3 13 1313 1080
12198 3 20 1645 316
12197 23 16 1918 1042
12196 6 22 666 504
12195 26 26 1261 1009
12194 3 13 472 300
12193 3 16 753 124
12192 26 29 267 777
12191 6 19 406 430
12190 7 3 1823 958
12189 20 23 204 293
12188 16 6 755 874
12187 29 16 584 203
12186 23 16 1918 1042
12185 7 20 1241 674
12184 22 3 1492 283
12183 26 16 403 402
12182 16 29 1083 521
12181 19 3 1982 619
12180 19 19 1956 207
12179 10 26 1843 187
12178 3 13 355 737
12177 6 10 1572 528
12176 19 22 691 728
12175 13 20 1951 729
12174 13 3 203 818
12173 26 16 1303 358
12172 23 23 1366 481
12171 7 13 1210 414
12170 16 10 396 514
12169 16 3 477 194
12168 25 22 1331 509
12167 3 13 1502 270
12166 22 28 1002 795
12165 3 3 355 869
12164 16 29 1739 656
12163 28 22 1166 491
12162 19 3 522 1009
12161 26 22 1348 605
12160 13 10 738 190
12159 16 3 279 744
12158 10 29 1194 399
12157 26 22 1513 447
12156 13 6 1699 1020
12155 13 29 626 332
12154 19 28 486 840
12153 25 22 1331 509
12152 19 13 1784 152
12151 19 28 486 840
12150 13 6 1062 195
