id volume peso recompensa duração(s)
12149 25 6 216 182
12148 19 6 1813 756
12147 22 25 1227 810
12146 29 10 1657 287
12145 19 22 691 728
12144 9 19 775 997
12143 16 13 1718 114
12142 22 13 709 953
12141 29 26 1522 215
12140 7 7 828 643
12139 22 16 644 313
12138 26 26 1790 648
12137 10 26 410 192
12136 19 3 1547 279
12135 25 22 1331 509
12134 20 10 1663 207
12133 20 23 1551 986
12132 22 9 1805 279
12131 22 3 1492 283
12130 10 13 1315 328
12129 6 19 406 430
12128 3 13 685 443
12127 19 25 844 478
12126 13 10 606 592
12125 3 22 1662 201
12124 25 22 861 590
12123 13 29 1255 923
12122 3 16 1391 846
12121 22 10 1848 196
12120 16 3 227 464
12119 20 20 418 893
12118 16 13 1477 513
12117 3 19 952 540
12116 23 29 1232 389
12115 10 19 709 692
12114 26 10 574 593
12113 10 26 1229 237
12112 29 20 1160 237
12111 16 3 836 819
12110 13 3 203 818
12109 22 3 1492 283
12108 10 10 1285 483
12107 16 6 1907 397
12106 9 19 1281 241
12105 10 29 1488 1094
12104 16 13 367 703
12103 13 29 1255 923
12102 26 19 244 1055
12101 3 19 754 984
12100 13 6 1699 1020
12099 10 22 1694 969
12098 26 19 1397 1043
12097 10 29 1065 111
12096 3 23 697 699
12095 16 16 878 697
12094 29 16 584 203
12093 20 3 1785 160
12092 3 13 751 234
12091 7 10 1630 963
12090 20 10 1569 720
12089 25 22 580 176
12088 19 22 1804 622
12087 16 10 1309 888
12086 23 7 936 609
12085 22 13 709 953
12084 13 26 1639 927
12083 29 19 1268 1095
12082 16 23 746 416
12081 7 29 743 826
12080 23 23 881 353
12079 7 16 764 617
12078 6 6 442 900
12077 3 3 355 869
12076 16 29 1142 878
12075 19 13 1537 614
12074 25 16 620 1002
12073 26 22 1165 1100
12072 29 10 1657 287
12071 3 3 1563 535
12070 19 13 1040 651
12069 13 6 580 558
12068 3 13 685 443
12067 7 23 1303 229
12066 16 16 772 229
12065 13 23 560 244
12064 9 22 452 901
12063 10 29 1065 111
12062 16 6 1188 697
12061 29 26 1724 482
12060 19 3 522 1009
12059 3 19 901 980
12058 10 3 547 766
12057 10 6 1765 970
12056 19 16 1012 845
12055 19 25 844 478
12054 16 10 396 514
12053 22 19 470 470
12052 6 29 1800 116
12051 26 26 1261 1009
12050 13 6 223 597
12049 3 3 575 287
12048 19 3 784 755
12047 28 16 827 999
12046 3 19 600 422
12045 16 19 1873 697
12044 23 3 1396 143
12043 26 6 774 314
12042 19 22 1440 777
12041 22 19 470 470
12040 19 16 1351 615
12039 10 10 588 654
12038 26 29 267 777
12037 19 13 1537 614
12036 29 26 1522 215
12035 9 22 909 192
12034 22 28 347 1058
12033 16 3 477 194
12032 22 19 783 277
12031 16 16 1633 195
12030 16 16 1633 195
12029 7 13 1210 414
12028 20 26 1863 104
12027 10 3 547 766
12026 10 19 709 692
12025 23 16 868 608
12024 20 13 636 446
12023 19 9 1897 881
12022 10 7 1801 301
12021 13 6 1699 1020
12020 22 22 930 324
12019 3 7 1565 226
12018 3 16 753 124
12017 7 13 1210 414
12016 13 3 455 292
12015 3 13 685 443
12014 13 6 490 406
12013 22 25 1227 810
12012 7 23 1303 229
12011 22 16 1598 841
12010 19 16 1319 385
12009 3 22 940 937
12008 16 29 533 935
12007 3 16 1796 762
12006 16 3 477 194
12005 25 13 546 1056
12004 13 29 626 332
12003 7 23 1303 229
12002 16 23 746 416
12001 28 6 1953 299
12000 9 6 748 381
11999 6 16 618 1039
11998 26 6 774 314
11997 13 10 738 190
11996 13 16 1894 625
11995 7 20 1880 705
11994 7 20 1880 705
11993 9 6 748 381
11992 3 9 1558 1056
11991 26 19 1397 1043
11990 7 16 764 617
11989 10 23 1205 1088
11988 3 13 1313 1080
11987 16 3 279 744
11986 10 22 1694 969
11985 28 6 1208 309
11984 22 25 914 337
11983 6 29 1859 261
11982 3 13 685 443
11981 22 22 265 766
11980 13 20 1951 729
11979 7 13 898 325
11978 7 26 634 751
11977 13 3 699 1056
11976 7 20 1880 705
11975 25 13 609 1070
11974 29 10 1463 145
11973 26 16 403 402
11972 3 19 754 984
11971 9 19 775 997
11970 7 20 412 756
11969 3 13 1907 307
11968 23 26 1594 1052
11967 20 16 1200 991
11966 3 3 699 786
11965 28 6 1065 121
11964 13 22 590 660
11963 22 28 1717 549
11962 6 26 1291 1035
11961 25 13 1251 384
11960 7 13 1210 414
11959 10 10 553 631
11958 13 10 606 592
11957 25 28 521 989
11956 23 26 1594 1052
11955 9 16 814 281
11954 9 9 1137 1019
11953 16 3 704 1025
11952 3 22 940 937
11951 16 6 1188 697
11950 16 6 1332 642
11949 7 26 634 751
11948 13 16 1785 297
11947 10 26 1843 187
11946 19 16 1489 751
11945 19 3 762 269
11944 6 6 1058 294
11943 25 28 521 989
11942 3 19 600 422
11941 23 7 983 372
11940 20 13 1542 128
11939 10 10 1285 483
11938 3 19 1432 1051
11937 13 9 1857 1017
11936 13 6 1475 889
11935 16 16 527 1100
11934 26 7 618 442
11933 3 13 530 916
11932 7 29 743 826
11931 3 13 1306 202
11930 3 19 1432 1051
11929 7 23 1303 229
11928 19 13 1688 640
11927 29 16 1051 169
11926 3 3 699 786
11925 26 19 244 1055
11924 6 29 1859 261
11923 19 19 1990 106
11922 29 10 243 775
11921 16 29 1694 404
11920 7 7 1524 189
11919 22 13 226 631
11918 22 3 480 1037
11917 19 16 1012 845
11916 3 10 1791 520
11915 19 3 1814 369
11914 19 19 873 118
11913 13 10 606 592
11912 16 6 1188 697
11911 25 22 580 176
11910 26 6 774 314
11909 6 6 779 122
11908 10 26 1229 237
11907 23 16 1936 498
11906 19 3 762 269
11905 19 19 1990 106
11904 3 10 984 463
11903 10 26 1843 187
11902 6 19 1591 138
11901 10 10 1856 576
11900 3 16 753 124
11899 7 7 828 643
11898 26 22 1487 269
11897 16 20 816 1079
11896 7 26 1257 632
11895 7 3 1607 273
11894 25 22 861 590
11893 6 3 1347 609
11892 26 16 1303 358
11891 3 13 685 443
11890 16 16 772 229
11889 16 29 1883 380
11888 13 9 820 552
11887 16 13 654 720
11886 6 6 1058 294
11885 3 13 355 737
11884 6 28 1820 271
11883 25 6 653 107
11882 3 20 1645 316
11881 29 23 1148 789
11880 9 25 849 1008
11879 13 6 580 558
11878 10 26 1843 187
11877 13 10 606 592
11876 19 13 1904 276
11875 29 29 1019 326
11874 16 16 772 229
11873 13 3 699 1056
11872 19 29 1523 353
11871 19 3 784 755
11870 26 26 716 445
11869 25 28 1370 535
11868 19 22 1719 159
11867 6 13 1201 715
11866 23 20 1786 1041
11865 29 29 1019 326
11864 7 23 1303 229
11863 3 16 1456 192
11862 16 23 746 416
11861 3 19 754 984
11860 26 29 610 917
11859 10 29 1065 111
11858 16 16 706 408
11857 6 16 1023 132
11856 10 26 1843 187
11855 3 3 575 287
11854 6 29 834 900
11853 19 22 691 728
11852 29 16 1442 123
11851 16 28 935 528
11850 20 20 418 893
11849 22 25 224 467
11848 10 6 1765 970
11847 16 22 491 581
11846 3 10 1475 786
11845 3 3 1563 535
11844 7 13 898 325
11843 7 10 801 919
11842 3 13 1313 1080
11841 22 3 480 1037
11840 19 25 854 790
11839 3 10 1475 786
11838 23 29 1789 900
11837 29 10 483 1038
11836 26 22 1065 616
11835 22 10 1233 546
11834 3 10 1475 786
11833 6 19 1185 822
11832 16 6 1907 397
11831 13 10 629 410
11830 3 22 1768 195
11829 9 6 1467 681
11828 22 9 1805 279
11827 19 25 844 478
11826 25 6 216 182
11825 16 13 1121 641
11824 6 6 1921 197
11823 9 22 452 901
11822 3 13 472 300
11821 26 26 1170 838
11820 6 16 647 872
11819 13 16 1838 354
11818 19 13 1040 651
11817 26 13 1295 104
11816 25 28 724 816
11815 13 16 1894 625
11814 22 22 318 898
11813 13 16 1785 297
11812 25 25 371 509
11811 6 16 1023 132
11810 29 13 1014 130
11809 13 6 1475 889
11808 3 19 1928 713
11807 23 23 881 353
11806 29 26 719 600
11805 19 16 1489 751
11804 7 10 1672 419
11803 19 19 1437 576
11802 20 23 1236 246
11801 28 16 827 999
11800 7 3 1823 958
11799 3 16 1796 762
11798 25 6 216 182
11797 13 3 203 818
11796 16 19 1193 338
11795 29 23 1148 789
11794 19 6 217 732
11793 29 10 1657 287
11792 23 20 1786 1041
11791 16 29 1083 521
11790 19 26 836 356
11789 7 7 501 800
11788 28 9 1185 918
11787 26 6 1156 1073
11786 29 10 243 775
11785 10 16 1202 634
11784 3 19 600 422
11783 19 25 844 478
11782 20 23 1236 246
11781 16 26 1590 728
11780 16 16 772 229
11779 20 7 894 300
11778 7 3 1607 273
11777 23 29 1232 389
11776 7 13 1210 414
11775 13 6 490 406
11774 23 7 936 609
11773 7 29 598 161
11772 25 19 1889 468
11771 16 10 1081 1064
11770 16 26 1590 728
11769 6 13 1201 715
11768 6 19 486 789
11767 19 9 1059 580
11766 22 13 1897 272
11765 9 6 1467 681
11764 7 3 1607 273
11763 6 6 442 900
11762 13 3 203 818
11761 19 22 735 193
11760 16 3 227 464
11759 16 16 772 229
11758 22 16 644 313
11757 19 6 1813 756
11756 16 28 1821 660
11755 3 19 585 827
11754 23 16 868 608
11753 10 13 414 478
11752 6 3 453 537
11751 19 25 854 790
11750 3 22 1662 201
11749 22 22 626 1048
11748 16 19 234 1001
11747 16 20 816 1079
11746 22 22 930 324
11745 9 13 1442 168
11744 23 26 1913 600
11743 20 10 1569 720
11742 6 19 1185 822
11741 19 19 873 118
11740 10 22 1694 969
11739 7 7 501 800
11738 16 13 367 703
11737 3 22 940 937
11736 16 26 1590 728
11735 28 6 1065 121
11734 20 13 636 446
11733 16 13 1121 641
11732 25 28 1909 396
11731 3 23 571 632
11730 7 10 1672 419
11729 3 20 1645 316
11728 7 7 1524 189
11727 16 3 1518 1053
11726 25 28 1370 535
11725 29 29 969 833
11724 10 26 410 192
11723 6 22 597 540
11722 19 28 213 755
11721 9 19 1281 241
11720 23 20 437 996
11719 28 19 828 888
11718 16 28 875 1094
11717 19 25 854 790
11716 26 22 1348 605
11715 26 6 1627 732
11714 22 16 1598 841
11713 16 6 1188 697
11712 19 3 1547 279
11711 23 29 957 387
11710 13 22 590 660
11709 19 25 305 782
11708 3 19 952 540
11707 26 19 244 1055
11706 3 10 1475 786
11705 26 29 1233 434
11704 26 22 1487 269
11703 13 10 483 694
11702 3 23 571 632
11701 16 6 1188 697
11700 23 26 1913 600
