id volume peso recompensa duração(s)
14399 7 20 1880 705
14398 16 13 1477 513
14397 19 13 884 455
14396 22 29 1500 828
14395 3 13 355 737
14394 16 6 1332 642
14393 7 26 1166 552
14392 13 6 1699 1020
14391 19 6 1204 453
14390 26 22 1513 447
14389 6 3 615 970
14388 13 25 1467 1058
14387 19 3 784 755
14386 13 9 820 552
14385 19 19 1956 207
14384 6 19 406 430
14383 22 10 1079 154
14382 13 3 621 723
14381 3 19 952 540
14380 6 19 1591 138
14379 6 16 1023 132
14378 6 16 1023 132
14377 13 3 699 1056
14376 19 22 1260 355
14375 6 19 486 789
14374 7 10 801 919
14373 10 6 1765 970
14372 13 23 560 244
14371 6 29 834 900
14370 7 7 828 643
14369 28 6 1953 299
14368 3 10 579 103
14367 22 13 667 765
14366 19 3 762 269
14365 26 20 971 308
14364 7 13 734 917
14363 9 6 748 381
14362 29 29 763 971
14361 7 10 1672 419
14360 7 10 1630 963
14359 10 10 553 631
14358 19 16 1319 385
14357 3 3 355 869
14356 13 20 1951 729
14355 16 10 396 514
14354 28 16 327 1010
14353 7 7 1524 189
14352 6 6 779 122
14351 13 13 1679 146
14350 19 25 1263 748
14349 22 13 226 631
14348 9 19 1281 241
14347 16 3 227 464
14346 9 25 1529 1008
14345 25 13 546 1056
14344 3 16 1456 192
14343 13 16 1894 625
14342 3 22 1662 201
14341 16 3 1518 1053
14340 19 25 844 478
14339 26 7 618 442
14338 19 9 1059 580
14337 13 16 1785 297
14336 25 16 1200 591
14335 3 3 1563 535
14334 29 29 969 833
14333 3 13 751 234
14332 10 10 553 631
14331 3 16 220 351
14330 13 29 1255 923
14329 22 25 224 467
14328 6 22 562 614
14327 22 10 1079 154
14326 3 13 472 300
14325 29 26 719 600
14324 6 3 1347 609
14323 23 26 1594 1052
14322 23 7 983 372
14321 26 6 774 314
14320 13 10 606 592
14319 3 19 952 540
14318 7 13 734 917
14317 16 16 1633 195
14316 26 26 496 520
14315 3 16 1105 256
14314 7 20 1241 674
14313 29 20 1704 502
14312 22 13 709 953
14311 3 13 355 737
14310 16 13 707 359
14309 16 3 477 194
14308 16 26 1789 1077
14307 19 22 1804 622
14306 29 13 1014 130
14305 13 25 1026 365
14304 26 29 1233 434
14303 23 26 1594 1052
14302 10 23 1205 1088
14301 26 6 1156 1073
14300 19 6 217 732
14299 13 10 483 694
14298 3 3 1563 535
14297 6 22 794 783
14296 3 19 952 540
14295 23 29 1789 900
14294 26 22 1487 269
14293 22 19 1628 332
14292 9 16 814 281
14291 19 19 1990 106
14290 25 28 1370 535
14289 13 26 1253 542
14288 25 6 653 107
14287 20 23 1325 338
14286 20 26 1863 104
14285 22 3 480 1037
14284 16 10 1081 1064
14283 22 9 1805 279
14282 19 3 1814 369
14281 3 19 1928 713
14280 29 29 763 971
14279 16 29 1083 521
14278 13 13 1679 146
14277 3 20 1434 362
14276 22 19 783 277
14275 22 29 1500 828
14274 22 13 293 191
14273 26 26 1790 648
14272 7 20 1241 674
14271 6 6 1921 197
14270 16 10 396 514
14269 22 3 1565 763
14268 3 20 1263 905
14267 6 13 1201 715
14266 26 29 610 917
14265 13 20 1925 840
14264 19 16 1489 751
14263 28 16 327 1010
14262 16 28 1863 653
14261 28 9 1185 918
14260 23 23 881 353
14259 23 20 437 996
14258 13 3 203 818
14257 6 6 631 145
14256 7 3 1823 958
14255 26 26 1170 838
14254 3 13 1313 1080
14253 19 3 1814 369
14252 3 10 579 103
14251 28 9 1185 918
14250 25 6 647 415
14249 13 6 490 406
14248 26 6 774 314
14247 3 9 1558 1056
14246 22 10 1233 546
14245 7 7 1524 189
14244 16 3 836 819
14243 16 23 746 416
14242 20 26 1863 104
14241 28 19 828 888
14240 3 23 571 632
14239 9 9 427 447
14238 13 13 1710 800
14237 28 25 952 377
14236 3 7 1565 226
14235 16 23 746 416
14234 13 26 396 664
14233 13 6 1987 926
14232 29 20 1991 704
14231 3 22 1662 201
14230 13 13 1679 146
14229 13 26 1073 1066
14228 23 16 1918 1042
14227 6 22 597 540
14226 19 22 691 728
14225 26 26 1261 1009
14224 3 3 575 287
14223 26 22 1348 605
14222 7 16 764 617
14221 6 6 779 122
14220 29 29 1019 326
14219 13 23 916 1026
14218 16 29 1083 521
14217 29 10 1657 287
14216 10 3 1641 417
14215 22 28 347 1058
14214 6 19 406 430
14213 13 16 1894 625
14212 3 9 1558 1056
14211 3 23 1410 1028
14210 13 23 916 1026
14209 20 10 1569 720
14208 23 3 1396 143
14207 3 13 751 234
14206 10 6 542 430
14205 28 22 1166 491
14204 19 25 844 478
14203 7 10 1672 419
14202 6 6 631 145
14201 20 13 848 198
14200 16 16 287 918
14199 3 19 754 984
14198 22 16 1598 841
14197 19 13 1875 107
14196 23 26 1594 1052
14195 3 10 1791 520
14194 10 6 1765 970
14193 7 23 907 152
14192 22 6 683 553
14191 22 28 347 1058
14190 6 19 1591 138
14189 19 22 1260 355
14188 20 10 1663 207
14187 13 20 1925 840
14186 6 28 1820 271
14185 6 6 631 145
14184 22 10 1233 546
14183 3 13 1210 892
14182 10 13 414 478
14181 19 13 1784 152
14180 19 22 1260 355
14179 16 29 1739 656
14178 10 7 1801 301
14177 19 28 946 1021
14176 7 10 1672 419
14175 29 20 1991 704
14174 3 16 1456 192
14173 6 6 564 1017
14172 10 3 1641 417
14171 13 3 795 302
14170 10 13 419 950
14169 22 22 626 1048
14168 3 23 697 699
14167 7 13 1210 414
14166 19 25 854 790
14165 3 19 585 827
14164 20 7 894 300
14163 10 29 1488 1094
14162 7 7 501 800
14161 25 19 1889 468
14160 22 19 783 277
14159 23 20 1536 804
14158 28 25 952 377
14157 26 6 1627 732
14156 28 16 827 999
14155 26 20 1645 318
14154 19 3 522 1009
14153 20 26 1863 104
14152 9 6 1467 681
14151 10 26 410 192
14150 26 19 1397 1043
14149 23 7 936 609
14148 19 25 844 478
14147 22 22 265 766
14146 26 22 1628 925
14145 26 26 1170 838
14144 22 6 683 553
14143 19 13 1537 614
14142 16 13 1477 513
14141 13 6 580 558
14140 29 10 243 775
14139 13 13 967 355
14138 28 19 1240 826
14137 19 6 217 732
14136 3 16 501 692
14135 6 19 1591 138
14134 10 7 1801 301
14133 22 16 1598 841
14132 26 29 267 777
14131 29 29 763 971
14130 22 16 644 313
14129 6 26 1991 318
14128 6 28 1820 271
14127 25 22 471 448
14126 19 22 1200 449
14125 3 16 1391 846
14124 13 25 550 100
14123 22 10 1233 546
14122 6 10 713 921
14121 19 22 1260 355
14120 26 20 971 308
14119 10 13 419 950
14118 6 13 1201 715
14117 16 16 706 408
14116 25 28 1370 535
14115 26 16 403 402
14114 19 9 1059 580
14113 6 22 794 783
14112 3 10 984 463
14111 28 6 1065 121
14110 23 20 437 996
14109 26 10 574 593
14108 25 25 371 509
14107 3 10 579 103
14106 13 9 1857 1017
14105 13 25 550 100
14104 20 13 636 446
14103 3 19 585 827
14102 23 20 1536 804
14101 29 20 1991 704
14100 7 10 1630 963
14099 7 13 1210 414
14098 10 13 419 950
14097 28 6 1065 121
14096 7 7 828 643
14095 20 23 1551 986
14094 3 16 1105 256
14093 22 19 602 291
14092 19 29 1523 353
14091 19 26 836 356
14090 22 13 1897 272
14089 22 9 1509 598
14088 10 10 588 654
14087 19 22 1260 355
14086 19 22 1200 449
14085 19 25 305 782
14084 19 16 1351 615
14083 6 19 1591 138
14082 10 13 414 478
14081 10 10 588 654
14080 26 22 1348 605
14079 13 10 483 694
14078 3 10 1475 786
14077 26 26 1790 648
14076 16 28 1863 653
14075 13 13 1008 398
14074 3 13 1889 538
14073 29 16 1051 169
14072 13 3 203 818
14071 13 29 1511 325
14070 13 13 1710 800
14069 6 22 597 540
14068 3 23 697 699
14067 16 3 262 658
14066 25 19 1753 524
14065 13 29 719 531
14064 16 16 878 697
14063 25 28 1521 284
14062 19 13 1784 152
14061 20 16 823 524
14060 13 26 1073 1066
14059 6 22 794 783
14058 19 22 1804 622
14057 16 16 1633 195
14056 13 20 1951 729
14055 13 13 1008 398
14054 26 26 1790 648
14053 3 23 697 699
14052 3 23 571 632
14051 25 6 216 182
14050 19 3 1547 279
14049 16 19 1873 697
14048 3 13 1306 202
14047 13 26 1639 927
14046 16 29 1739 656
14045 19 13 1784 152
14044 16 20 816 1079
14043 23 23 881 353
14042 6 10 465 900
14041 9 9 427 447
14040 13 3 621 723
14039 29 20 1160 237
14038 19 28 213 755
14037 26 22 1628 925
14036 13 23 1714 347
14035 7 29 598 161
14034 10 26 410 192
14033 19 3 1547 279
14032 22 9 1805 279
14031 22 22 265 766
14030 13 3 795 302
14029 23 26 1520 942
14028 3 23 1410 1028
14027 16 3 227 464
14026 29 29 763 971
14025 13 10 1614 331
14024 10 19 1278 267
14023 22 13 226 631
14022 6 3 1176 551
14021 29 10 483 1038
14020 10 13 347 187
14019 25 22 861 590
14018 6 22 562 614
14017 10 3 547 766
14016 13 13 1714 399
14015 16 10 396 514
14014 26 6 1627 732
14013 16 16 527 1100
14012 3 13 633 583
14011 26 22 1065 616
14010 25 13 1251 384
14009 19 6 1108 1031
14008 3 20 1263 905
14007 22 9 1509 598
14006 10 23 1205 1088
14005 20 10 1663 207
14004 16 29 1883 380
14003 13 23 916 1026
14002 19 19 1437 576
14001 16 13 654 720
14000 16 26 1590 728
13999 3 20 1645 316
13998 22 19 783 277
13997 25 22 471 448
13996 10 3 1641 417
13995 3 22 1662 201
13994 6 6 564 1017
13993 26 22 1513 447
13992 22 19 602 291
13991 29 10 1657 287
13990 19 3 1814 369
13989 7 13 734 917
13988 6 3 615 970
13987 3 16 220 351
13986 16 22 491 581
13985 29 16 1051 169
13984 13 29 1255 923
13983 16 13 1718 114
13982 7 7 1524 189
13981 13 25 550 100
13980 16 13 654 720
13979 16 3 704 1025
13978 19 19 1990 106
13977 19 22 1440 777
13976 13 26 1073 1066
13975 19 28 946 1021
13974 7 26 1166 552
13973 26 29 610 917
13972 6 6 779 122
13971 20 7 386 964
13970 7 26 634 751
13969 20 16 1200 991
13968 25 13 1251 384
13967 25 28 221 802
13966 16 3 227 464
13965 20 13 1542 128
13964 22 25 224 467
13963 13 16 1894 625
13962 29 20 1160 237
13961 19 25 1263 748
13960 16 29 1730 638
13959 9 25 1529 1008
13958 6 26 1143 180
13957 25 16 620 1002
13956 22 19 1628 332
13955 16 10 1309 888
13954 13 6 223 597
13953 28 6 1208 309
13952 26 7 618 442
13951 6 16 647 872
13950 26 16 1303 358
13949 7 20 1577 1043
13948 16 6 1332 642
13947 9 22 452 901
13946 19 9 1059 580
13945 22 3 338 357
13944 16 29 1739 656
13943 19 22 1897 986
13942 13 25 550 100
13941 10 13 347 187
13940 16 28 875 1094
13939 10 13 414 478
13938 19 22 735 193
13937 6 22 666 504
13936 22 9 1805 279
13935 29 16 1051 169
13934 28 6 1636 436
13933 3 22 1662 201
13932 19 25 1263 748
13931 26 22 1628 925
13930 6 22 597 540
13929 25 25 371 509
13928 9 19 1281 241
13927 26 6 1156 1073
13926 22 19 470 470
13925 20 13 636 446
13924 6 19 1185 822
13923 19 22 1260 355
13922 6 6 1445 1014
13921 26 7 618 442
13920 19 13 1040 651
13919 29 16 1369 817
13918 25 22 580 176
13917 16 3 477 194
13916 22 13 667 765
13915 20 16 851 446
13914 23 23 1382 991
13913 3 19 901 980
13912 10 29 1065 111
13911 6 3 453 537
13910 28 16 327 1010
13909 7 7 828 643
13908 3 20 1645 316
13907 22 3 480 1037
13906 3 13 1313 1080
13905 13 26 1073 1066
13904 29 20 1972 641
13903 16 10 1081 1064
13902 25 6 647 415
13901 25 13 546 1056
13900 16 29 1739 656
13899 26 29 1233 434
13898 13 3 699 1056
13897 9 13 211 1039
13896 19 22 1719 159
13895 3 13 1210 892
13894 6 29 834 900
13893 16 13 707 359
13892 13 3 466 937
13891 16 16 772 229
13890 28 19 828 888
13889 22 13 667 765
13888 19 13 1040 651
13887 22 3 338 357
13886 16 28 875 1094
13885 3 22 1768 195
13884 3 10 1791 520
13883 29 20 1972 641
13882 7 26 1257 632
13881 10 6 542 430
13880 19 16 1351 615
13879 13 29 719 531
13878 22 13 1897 272
13877 19 6 324 237
13876 22 6 683 553
13875 20 20 418 893
13874 10 23 1205 1088
13873 16 22 491 581
13872 16 13 671 726
13871 13 10 1614 331
13870 28 6 707 517
13869 3 20 1263 905
13868 26 22 1487 269
13867 23 29 1232 389
13866 6 10 1572 528
13865 7 16 764 617
13864 25 13 546 1056
13863 6 26 1143 180
13862 16 10 1508 454
13861 6 6 1445 1014
13860 3 19 585 827
13859 13 9 820 552
13858 20 10 1663 207
13857 20 3 1785 160
13856 3 16 1391 846
13855 10 13 347 187
13854 3 22 1768 195
13853 16 28 1863 653
13852 26 22 1165 1100
13851 16 16 706 408
13850 23 16 1918 1042
13849 20 7 894 300
13848 19 6 1204 453
13847 7 10 1672 419
13846 6 6 1058 294
13845 7 3 1823 958
13844 29 26 719 600
13843 25 19 1889 468
13842 3 19 1928 713
13841 10 29 1065 111
13840 13 3 690 686
13839 7 16 789 650
13838 16 22 491 581
13837 16 13 1718 114
13836 13 6 1699 1020
13835 3 13 751 234
13834 19 13 1688 640
13833 25 28 1909 396
13832 16 3 227 464
13831 25 6 216 182
13830 16 29 1883 380
13829 13 3 203 818
13828 26 22 1513 447
13827 25 28 1909 396
13826 19 6 324 237
13825 29 10 483 1038
13824 22 13 226 631
13823 7 16 789 650
13822 7 29 598 161
13821 16 29 533 935
13820 19 22 691 728
13819 16 28 875 1094
13818 10 29 1488 1094
13817 19 16 1351 615
13816 13 25 550 100
13815 19 19 1990 106
13814 26 29 610 917
13813 28 9 1185 918
13812 6 6 631 145
13811 22 19 602 291
13810 9 6 1467 681
13809 26 26 1261 1009
13808 6 6 564 1017
13807 13 3 466 937
13806 22 28 347 1058
13805 7 13 1210 414
13804 16 10 1309 888
13803 13 25 1026 365
13802 22 13 293 191
13801 7 23 907 152
13800 25 6 216 182
13799 22 28 347 1058
13798 10 3 1886 632
13797 3 16 1456 192
13796 13 13 1008 398
13795 16 26 1789 1077
13794 16 3 704 1025
13793 7 10 1630 963
13792 13 20 1951 729
13791 25 22 861 590
13790 20 23 1551 986
13789 16 16 287 918
13788 16 3 227 464
13787 13 6 1987 926
13786 16 29 533 935
13785 19 19 1956 207
13784 13 6 1475 889
13783 22 22 930 324
13782 6 6 1921 197
13781 19 28 946 1021
13780 28 6 1953 299
13779 29 16 584 203
13778 19 16 1012 845
13777 10 10 553 631
13776 22 25 224 467
13775 23 16 1918 1042
13774 6 19 406 430
13773 29 26 1724 482
13772 22 19 287 752
13771 22 3 1565 763
13770 13 26 396 664
13769 10 3 1886 632
13768 22 13 709 953
13767 13 3 455 292
13766 9 19 775 997
13765 19 19 873 118
13764 26 19 1397 1043
13763 13 6 580 558
13762 13 20 1925 840
13761 7 7 501 800
13760 29 10 483 1038
13759 3 7 1565 226
13758 28 6 707 517
13757 6 28 1820 271
13756 10 29 1194 399
13755 3 16 1796 762
13754 20 13 1054 815
13753 22 25 224 467
13752 16 13 707 359
13751 22 13 293 191
13750 23 7 936 609
13749 19 16 1012 845
13748 10 13 414 478
13747 19 16 1489 751
13746 7 23 907 152
13745 22 22 930 324
13744 7 20 1241 674
13743 13 22 590 660
13742 19 3 638 618
13741 13 10 606 592
13740 10 26 1229 237
13739 19 28 486 840
13738 13 22 590 660
13737 6 6 442 900
13736 10 10 1285 483
13735 13 6 1987 926
13734 25 19 1753 524
13733 25 22 471 448
13732 13 26 1253 542
13731 23 23 881 353
13730 20 23 1236 246
13729 3 22 1768 195
13728 22 3 480 1037
13727 3 16 1391 846
13726 28 22 330 563
13725 29 23 1148 789
13724 16 13 1121 641
13723 22 3 1492 283
13722 10 19 1278 267
13721 6 19 996 631
13720 22 19 1628 332
13719 20 23 204 293
13718 16 10 1081 1064
13717 19 25 854 790
13716 26 22 1487 269
13715 26 26 1261 1009
13714 3 19 1928 713
13713 20 13 848 198
13712 19 26 836 356
13711 29 26 1724 482
13710 13 13 1008 398
13709 22 19 470 470
13708 3 7 1565 226
13707 25 28 724 816
13706 26 26 496 520
13705 20 16 1200 991
13704 23 13 206 128
13703 7 23 1303 229
13702 22 10 1233 546
13701 16 13 1718 114
13700 13 6 1062 195
13699 29 20 1991 704
13698 19 6 1204 453
13697 22 19 783 277
13696 6 26 1143 180
13695 7 26 634 751
13694 22 9 1509 598
13693 20 20 418 893
13692 6 13 1713 686
13691 26 26 1790 648
13690 22 13 1897 272
13689 22 13 226 631
13688 16 28 1863 653
13687 29 23 1148 789
13686 20 20 418 893
13685 19 13 1688 640
13684 20 16 851 446
13683 16 3 227 464
13682 29 16 1369 817
13681 16 29 1002 441
13680 16 16 527 1100
13679 19 25 1263 748
13678 7 29 598 161
13677 10 19 709 692
13676 3 9 1558 1056
13675 19 13 1904 276
13674 22 16 1175 863
13673 10 10 588 654
13672 22 19 602 291
13671 6 22 794 783
13670 6 3 615 970
13669 29 26 1522 215
13668 10 10 1856 576
13667 23 20 1536 804
13666 6 19 406 430
13665 28 16 327 1010
13664 20 3 1785 160
13663 10 6 1747 577
13662 26 6 1627 732
13661 3 16 1391 846
13660 13 3 699 1056
13659 19 26 836 356
13658 22 19 602 291
13657 7 29 743 826
13656 10 16 1202 634
13655 3 10 1475 786
13654 13 9 1857 1017
13653 19 28 946 1021
13652 6 6 1058 294
13651 6 22 562 614
13650 25 25 371 509
13649 7 13 1210 414
13648 16 26 1590 728
13647 7 10 1630 963
13646 19 6 1108 1031
13645 10 10 1285 483
13644 7 7 828 643
13643 7 16 789 650
13642 16 13 671 726
13641 13 16 1785 297
13640 7 23 1303 229
13639 13 26 1073 1066
13638 16 3 227 464
13637 19 3 638 618
13636 23 16 868 608
13635 29 29 763 971
13634 29 22 561 236
13633 13 9 820 552
13632 22 25 224 467
13631 19 28 946 1021
13630 13 3 621 723
13629 23 7 936 609
13628 6 10 713 921
13627 20 13 848 198
13626 13 6 1062 195
13625 13 6 580 558
13624 28 9 1185 918
13623 6 22 666 504
13622 23 7 983 372
13621 16 10 1508 454
13620 6 6 564 1017
13619 3 19 952 540
13618 3 10 579 103
13617 3 13 1502 270
13616 26 22 1165 1100
13615 16 20 816 1079
13614 20 23 1325 338
13613 19 28 486 840
13612 6 29 1800 116
13611 13 6 1699 1020
13610 3 22 1768 195
13609 16 13 1121 641
13608 3 3 715 977
13607 20 3 1785 160
13606 25 28 221 802
13605 22 22 626 1048
13604 29 19 1268 1095
13603 22 19 783 277
13602 16 10 396 514
13601 25 13 1251 384
13600 25 6 653 107
13599 3 10 579 103
13598 22 19 602 291
13597 16 28 875 1094
13596 6 19 996 631
13595 23 20 1786 1041
13594 26 13 1295 104
13593 22 13 226 631
13592 29 16 584 203
13591 26 20 1645 318
13590 19 3 1982 619
13589 6 22 562 614
13588 29 10 243 775
13587 23 13 206 128
13586 3 19 600 422
13585 16 3 836 819
13584 9 22 909 192
13583 23 16 1936 498
13582 13 3 699 1056
13581 9 13 1442 168
13580 26 26 1261 1009
13579 6 3 453 537
13578 16 3 262 658
13577 3 13 530 916
13576 29 22 561 236
13575 16 13 1718 114
13574 9 13 1442 168
13573 29 16 1051 169
13572 16 29 1739 656
13571 26 19 1397 1043
13570 22 16 982 229
13569 13 10 606 592
13568 13 3 795 302
13567 25 28 724 816
13566 23 3 1396 143
13565 3 3 355 869
13564 9 9 427 447
13563 19 13 1688 640
13562 3 19 952 540
13561 22 13 1897 272
13560 13 6 1699 1020
13559 20 16 851 446
13558 19 3 638 618
13557 25 28 221 802
13556 19 16 1012 845
13555 29 16 1051 169
13554 19 3 1814 369
13553 3 22 1662 201
13552 25 22 580 176
13551 3 16 753 124
13550 3 19 754 984
13549 10 23 1205 1088
13548 3 20 1263 905
13547 20 16 851 446
13546 22 13 293 191
13545 22 10 1079 154
13544 3 7 1565 226
13543 16 16 878 697
13542 16 28 1821 660
13541 19 13 1875 107
13540 13 10 1614 331
13539 22 19 287 752
13538 20 23 1236 246
13537 19 28 213 755
13536 16 13 654 720
13535 6 6 1445 1014
13534 6 26 1291 1035
13533 28 22 1166 491
13532 10 26 410 192
13531 20 10 1663 207
13530 9 16 814 281
13529 19 22 1804 622
13528 9 16 814 281
13527 19 22 1897 986
13526 19 22 1440 777
13525 6 6 1445 1014
13524 3 20 1645 316
13523 20 7 386 964
13522 13 22 590 660
13521 7 7 828 643
13520 6 10 465 900
13519 22 19 783 277
13518 29 10 1463 145
13517 3 20 1645 316
13516 16 29 1142 878
13515 13 16 1838 354
13514 22 25 1227 810
13513 16 3 704 1025
13512 7 26 1257 632
13511 26 26 1261 1009
13510 23 26 1520 942
13509 13 13 967 355
13508 25 13 1251 384
13507 16 19 234 1001
13506 28 6 707 517
13505 23 23 1366 481
13504 3 10 984 463
13503 16 6 755 874
13502 6 3 1176 551
13501 3 19 952 540
13500 7 3 1823 958
13499 6 10 713 921
13498 26 13 1295 104
13497 20 13 1542 128
13496 22 10 1848 196
13495 9 25 849 1008
13494 9 9 427 447
13493 23 7 936 609
13492 19 22 1719 159
13491 3 13 1306 202
13490 19 3 1982 619
13489 29 13 1014 130
13488 25 22 580 176
13487 3 22 1768 195
13486 9 22 452 901
13485 29 10 243 775
13484 19 25 305 782
13483 13 9 820 552
13482 19 16 1967 865
13481 6 6 564 1017
13480 9 19 1281 241
13479 23 29 1789 900
13478 6 3 615 970
13477 20 26 1863 104
13476 3 13 751 234
13475 7 10 801 919
13474 10 7 1801 301
13473 22 19 783 277
13472 23 16 1936 498
13471 22 3 338 357
13470 7 20 1241 674
13469 10 19 1278 267
13468 26 20 971 308
13467 10 7 1801 301
13466 19 3 762 269
13465 10 26 1229 237
13464 13 23 916 1026
13463 13 29 1255 923
13462 16 10 1508 454
13461 16 19 1873 697
13460 3 19 585 827
13459 3 16 220 351
13458 16 23 746 416
13457 13 6 490 406
13456 16 16 287 918
13455 6 6 442 900
13454 19 19 1437 576
13453 3 3 1563 535
13452 26 6 1627 732
13451 3 16 1796 762
13450 28 9 1185 918
13449 13 23 1714 347
13448 29 26 719 600
13447 19 16 1967 865
13446 3 19 952 540
13445 10 29 676 526
13444 25 19 1889 468
13443 6 16 1023 132
13442 22 19 287 752
13441 20 7 386 964
13440 22 28 1002 795
13439 10 3 1886 632
13438 25 19 1753 524
13437 6 6 779 122
13436 29 10 1657 287
13435 19 3 522 1009
13434 23 16 1936 498
13433 13 29 626 332
13432 7 7 828 643
13431 19 25 854 790
13430 22 13 709 953
13429 13 10 606 592
13428 29 16 584 203
13427 26 22 1065 616
13426 13 3 455 292
13425 9 13 1442 168
13424 6 22 597 540
13423 13 16 1838 354
13422 26 22 1065 616
13421 22 9 1509 598
13420 6 19 1185 822
13419 28 6 1208 309
13418 3 19 952 540
13417 16 28 875 1094
13416 13 10 629 410
13415 6 26 1991 318
13414 6 3 615 970
13413 22 13 1897 272
13412 19 3 762 269
13411 19 28 213 755
13410 19 3 1982 619
13409 22 13 667 765
13408 29 16 1369 817
13407 22 22 626 1048
13406 3 13 1889 538
13405 6 6 631 145
13404 16 29 1593 882
13403 22 3 338 357
13402 13 3 690 686
13401 19 6 1204 453
13400 16 10 396 514
13399 9 6 1467 681
13398 16 29 1593 882
13397 13 29 1255 923
13396 16 13 707 359
13395 13 26 1073 1066
13394 16 3 262 658
13393 29 26 1522 215
13392 16 13 707 359
13391 22 22 265 766
13390 13 10 606 592
13389 6 29 1800 116
13388 23 23 1366 481
13387 9 13 1442 168
13386 13 23 916 1026
13385 19 13 1875 107
13384 20 23 1325 338
13383 22 25 224 467
13382 3 13 1889 538
13381 13 20 1925 840
13380 26 26 496 520
13379 19 19 873 118
13378 26 20 1645 318
13377 20 10 1569 720
13376 28 16 327 1010
13375 7 10 1672 419
13374 19 3 762 269
13373 19 13 1537 614
13372 6 10 465 900
13371 16 6 755 874
13370 16 26 1590 728
13369 22 19 602 291
13368 23 29 1789 900
13367 22 3 1565 763
13366 13 29 719 531
13365 6 19 1185 822
13364 3 10 1791 520
13363 20 13 848 198
13362 7 26 634 751
13361 25 13 546 1056
13360 22 25 224 467
13359 6 29 834 900
13358 19 6 1813 756
13357 19 3 522 1009
13356 7 23 907 152
13355 3 3 715 977
13354 6 19 486 789
13353 16 19 234 1001
13352 7 23 1303 229
13351 19 10 1820 348
13350 22 19 1628 332
13349 19 13 1784 152
13348 6 3 615 970
13347 10 29 676 526
13346 26 16 1303 358
13345 10 23 1205 1088
13344 3 13 530 916
13343 19 6 1108 1031
13342 16 3 477 194
13341 29 10 243 775
13340 16 22 1579 619
13339 6 29 834 900
13338 3 13 1502 270
13337 16 23 746 416
13336 3 23 571 632
13335 28 6 1065 121
13334 29 16 1442 123
13333 13 10 629 410
13332 6 3 1176 551
13331 29 10 1657 287
13330 19 28 213 755
13329 16 19 1193 338
13328 7 20 412 756
13327 9 19 775 997
13326 19 29 1523 353
13325 19 19 873 118
13324 20 23 1236 246
13323 29 20 1972 641
13322 16 16 287 918
13321 19 22 1719 159
13320 25 28 521 989
13319 20 16 1200 991
13318 6 19 486 789
13317 16 16 772 229
13316 3 19 754 984
13315 20 13 1542 128
13314 22 13 293 191
13313 3 16 1796 762
13312 16 3 262 658
13311 7 10 1672 419
13310 10 26 410 192
13309 29 26 1724 482
13308 16 20 816 1079
13307 16 10 396 514
13306 29 10 1657 287
13305 3 13 530 916
13304 19 6 1108 1031
13303 16 22 491 581
13302 20 16 823 524
13301 9 9 1137 1019
13300 10 3 1886 632
13299 6 6 564 1017
13298 7 7 828 643
13297 6 6 1921 197
13296 3 13 1313 1080
13295 3 16 501 692
13294 19 13 1040 651
13293 20 23 1325 338
13292 22 28 347 1058
13291 28 6 1953 299
13290 20 23 204 293
13289 29 16 1369 817
13288 22 10 1848 196
13287 7 3 1607 273
13286 6 26 1291 1035
13285 22 13 709 953
13284 16 16 1633 195
13283 22 9 1509 598
13282 7 26 1257 632
13281 13 6 1987 926
13280 3 19 600 422
13279 16 13 1477 513
13278 19 13 1040 651
13277 20 3 1785 160
13276 22 22 930 324
13275 6 16 1023 132
13274 19 10 1820 348
13273 20 10 1663 207
13272 23 23 1366 481
13271 23 29 1232 389
13270 19 25 1263 748
13269 13 3 795 302
13268 6 3 615 970
13267 16 28 1821 660
13266 16 10 1081 1064
13265 3 13 1907 307
13264 7 7 1524 189
13263 19 9 1059 580
13262 10 19 709 692
13261 19 28 486 840
13260 13 9 1857 1017
13259 6 6 631 145
13258 20 13 1542 128
13257 13 3 795 302
13256 19 3 784 755
13255 10 29 1488 1094
13254 25 6 647 415
13253 22 16 982 229
13252 13 23 560 244
13251 10 26 410 192
13250 19 16 1319 385
13249 13 26 1073 1066
13248 16 19 1193 338
13247 13 10 606 592
13246 3 13 633 583
13245 13 3 203 818
13244 16 19 1193 338
13243 3 23 1410 1028
13242 16 16 527 1100
13241 22 16 1175 863
13240 16 10 1081 1064
13239 13 22 590 660
13238 22 16 1175 863
13237 22 25 914 337
13236 22 9 1509 598
13235 28 19 1240 826
13234 22 25 914 337
13233 13 3 621 723
13232 19 13 884 455
13231 16 10 1508 454
13230 3 20 1645 316
13229 16 3 1518 1053
13228 20 13 1054 815
13227 3 20 1263 905
13226 10 29 676 526
13225 3 16 753 124
13224 16 6 1332 642
13223 26 6 1156 1073
13222 9 19 1281 241
13221 10 3 547 766
13220 23 7 983 372
13219 16 3 836 819
13218 13 6 490 406
13217 7 20 1241 674
13216 7 10 801 919
13215 29 29 1019 326
13214 3 19 600 422
13213 29 26 719 600
13212 3 16 1796 762
13211 10 19 1278 267
13210 25 28 521 989
13209 28 6 1065 121
13208 13 13 1008 398
13207 6 19 1185 822
13206 13 3 455 292
13205 6 6 1445 1014
13204 6 10 713 921
13203 13 16 1785 297
13202 10 10 1285 483
13201 19 22 1200 449
13200 3 19 754 984
13199 3 16 501 692
13198 9 25 849 1008
13197 19 13 1784 152
13196 16 29 1730 638
13195 22 22 265 766
13194 16 29 1142 878
13193 16 13 671 726
13192 10 16 1202 634
13191 19 25 854 790
13190 28 25 952 377
13189 16 16 287 918
13188 23 20 437 996
13187 20 7 386 964
13186 6 10 713 921
13185 29 10 483 1038
13184 7 10 801 919
13183 16 29 1142 878
13182 16 3 227 464
13181 13 10 1614 331
13180 25 28 724 816
13179 16 29 1739 656
13178 23 29 1789 900
13177 19 19 1956 207
13176 22 16 1175 863
13175 16 13 1718 114
13174 19 16 1012 845
13173 10 29 1488 1094
13172 29 20 1972 641
13171 22 28 347 1058
13170 10 26 410 192
13169 13 29 719 531
13168 16 28 1821 660
13167 25 28 221 802
13166 7 13 734 917
13165 6 13 1201 715
13164 10 13 347 187
13163 13 16 1838 354
13162 25 19 1889 468
13161 6 16 647 872
13160 3 19 1432 1051
13159 10 19 709 692
13158 22 10 1848 196
13157 25 13 1251 384
13156 3 23 697 699
13155 6 22 666 504
13154 20 13 1542 128
13153 16 10 1508 454
13152 19 29 1523 353
13151 16 22 1579 619
13150 23 7 936 609
13149 29 10 1463 145
13148 23 7 983 372
13147 3 22 940 937
13146 7 7 501 800
13145 10 13 414 478
13144 13 3 699 1056
13143 16 19 234 1001
13142 16 19 1193 338
13141 26 26 716 445
13140 6 28 1820 271
13139 22 10 1079 154
13138 10 6 1747 577
13137 10 10 1285 483
13136 16 13 367 703
13135 6 19 1243 977
13134 3 22 1662 201
13133 3 13 633 583
13132 10 26 410 192
13131 13 29 1255 923
13130 22 13 293 191
13129 3 10 984 463
13128 26 13 1295 104
13127 23 29 1789 900
13126 6 6 779 122
13125 7 13 734 917
13124 19 28 213 755
13123 19 28 213 755
13122 3 7 1565 226
13121 19 19 1990 106
13120 3 10 579 103
13119 22 29 1500 828
13118 26 22 1487 269
13117 23 20 437 996
13116 25 28 1909 396
13115 10 10 1856 576
13114 16 13 367 703
13113 13 10 1614 331
13112 16 29 1694 404
13111 29 20 1704 502
13110 25 25 371 509
13109 20 23 1551 986
13108 19 25 844 478
13107 16 13 1121 641
13106 3 23 697 699
13105 29 26 1522 215
13104 3 13 1306 202
13103 16 29 1002 441
13102 7 23 1303 229
13101 26 6 774 314
13100 29 23 1148 789
13099 16 22 1579 619
13098 9 13 1442 168
13097 16 29 1083 521
13096 19 3 638 618
13095 6 16 1023 132
13094 29 13 1014 130
13093 10 10 1856 576
13092 19 13 1040 651
13091 6 6 631 145
13090 26 20 971 308
13089 3 3 355 869
13088 3 16 1391 846
13087 22 6 683 553
13086 16 28 875 1094
13085 25 28 221 802
13084 13 13 967 355
13083 26 7 618 442
13082 25 13 546 1056
13081 13 3 621 723
13080 19 9 1897 881
13079 22 3 338 357
13078 9 13 211 1039
13077 22 29 1500 828
13076 19 3 1814 369
13075 3 20 1434 362
13074 9 6 1467 681
13073 3 7 1565 226
13072 19 9 1897 881
13071 25 28 221 802
13070 23 20 1536 804
13069 26 22 1513 447
13068 16 3 1518 1053
13067 19 26 309 271
13066 26 22 1065 616
13065 20 10 1663 207
13064 13 25 1026 365
13063 6 10 713 921
13062 13 26 1639 927
13061 3 22 1662 201
13060 3 13 1210 892
13059 26 16 403 402
13058 29 26 1724 482
13057 29 16 1051 169
13056 6 26 1143 180
13055 29 16 1442 123
13054 3 23 571 632
13053 22 19 783 277
13052 13 16 1838 354
13051 16 13 707 359
13050 22 28 1717 549
13049 16 3 477 194
13048 29 10 1657 287
13047 16 16 878 697
13046 13 16 1894 625
13045 29 19 1268 1095
13044 19 28 486 840
13043 16 13 1477 513
13042 3 19 901 980
13041 6 19 486 789
13040 10 16 1202 634
13039 6 6 1921 197
13038 19 13 884 455
13037 22 28 1717 549
13036 13 23 1714 347
13035 23 7 936 609
13034 16 16 706 408
13033 16 29 533 935
13032 19 28 512 778
13031 6 13 1201 715
13030 3 19 1432 1051
13029 7 3 1823 958
13028 6 3 1176 551
13027 16 10 396 514
13026 22 22 318 898
13025 16 29 1002 441
13024 28 19 828 888
13023 19 25 305 782
13022 19 13 1784 152
13021 19 28 512 778
13020 28 16 827 999
13019 23 16 1936 498
13018 13 26 1639 927
13017 16 10 1508 454
13016 28 22 330 563
13015 7 13 1210 414
13014 29 29 969 833
13013 19 16 1489 751
13012 3 3 699 786
13011 19 3 1814 369
13010 13 10 1614 331
13009 22 3 338 357
13008 28 6 707 517
13007 7 3 1607 273
13006 13 29 626 332
13005 9 19 775 997
13004 19 16 1012 845
13003 3 20 1263 905
13002 19 3 522 1009
13001 16 13 671 726
13000 20 13 1054 815
12999 16 29 1593 882
12998 20 23 1325 338
12997 13 9 1857 1017
12996 16 13 1718 114
12995 19 16 1967 865
12994 19 6 324 237
12993 20 23 1236 246
12992 26 13 1295 104
12991 19 6 217 732
12990 22 16 1819 768
12989 6 16 1023 132
12988 19 13 1904 276
12987 26 16 403 402
12986 19 16 1012 845
12985 28 6 1065 121
12984 19 13 1040 651
12983 16 16 878 697
12982 19 22 1804 622
12981 20 13 848 198
12980 6 19 486 789
12979 28 6 1636 436
12978 16 20 816 1079
12977 7 26 1166 552
12976 3 16 753 124
12975 13 6 223 597
12974 20 16 1200 991
12973 6 6 442 900
12972 13 13 1008 398
12971 9 13 1442 168
12970 3 10 1475 786
12969 25 28 1370 535
12968 28 19 1240 826
12967 28 25 952 377
12966 6 3 1347 609
12965 6 16 1023 132
12964 23 29 1232 389
12963 6 22 666 504
12962 9 9 1137 1019
12961 22 16 1175 863
12960 13 3 466 937
12959 19 13 884 455
12958 3 16 1391 846
12957 23 23 881 353
12956 19 9 1059 580
12955 23 23 1366 481
12954 10 13 414 478
12953 16 29 1694 404
12952 19 6 1108 1031
12951 6 26 1991 318
12950 26 26 1170 838
12949 13 26 1073 1066
12948 7 20 412 756
12947 22 10 1848 196
12946 28 9 1185 918
12945 7 20 412 756
12944 7 20 1577 1043
12943 6 19 486 789
12942 6 16 647 872
12941 10 26 1229 237
12940 16 20 816 1079
12939 22 10 1848 196
12938 23 26 1913 600
12937 16 16 706 408
12936 16 3 836 819
12935 6 6 564 1017
12934 19 6 324 237
12933 6 10 1572 528
12932 13 6 1987 926
12931 3 19 1928 713
12930 28 6 1953 299
12929 19 6 1108 1031
12928 22 9 1509 598
12927 13 29 626 332
12926 29 10 1463 145
12925 20 26 1863 104
12924 16 13 1121 641
12923 6 22 666 504
12922 6 16 647 872
12921 7 3 1607 273
12920 22 13 667 765
12919 3 20 1434 362
12918 29 16 1369 817
12917 28 6 1065 121
12916 26 6 1156 1073
12915 7 23 1303 229
12914 3 13 1210 892
12913 29 16 1442 123
12912 23 16 1936 498
12911 3 22 1768 195
12910 22 13 667 765
12909 19 6 1108 1031
12908 22 19 287 752
12907 13 26 1073 1066
12906 19 6 1108 1031
12905 16 3 836 819
12904 13 13 967 355
12903 16 26 1789 1077
12902 13 10 606 592
12901 19 9 1897 881
12900 26 19 1397 1043
12899 26 7 738 375
12898 16 29 533 935
12897 23 29 957 387
12896 29 16 584 203
12895 28 25 952 377
12894 9 9 1137 1019
12893 20 13 636 446
12892 19 16 1319 385
12891 16 6 1188 697
12890 20 26 1863 104
12889 29 10 1463 145
12888 13 3 621 723
12887 6 6 1921 197
12886 3 10 984 463
12885 16 29 1694 404
12884 19 19 873 118
12883 19 26 309 271
12882 16 10 396 514
12881 3 16 1796 762
12880 9 25 1529 1008
12879 16 29 1142 878
12878 19 26 836 356
12877 7 26 634 751
12876 19 3 638 618
12875 19 19 873 118
12874 16 19 1873 697
12873 13 6 1062 195
12872 13 29 626 332
12871 23 16 1918 1042
12870 22 25 914 337
12869 22 28 1717 549
12868 22 16 1819 768
12867 19 9 1897 881
12866 3 16 1391 846
12865 13 6 490 406
12864 19 28 486 840
12863 19 22 1200 449
12862 16 16 1633 195
12861 3 19 754 984
12860 10 13 1315 328
12859 19 19 1956 207
12858 28 22 1166 491
12857 6 19 996 631
12856 19 22 691 728
12855 20 23 1236 246
12854 16 29 1002 441
12853 16 29 1083 521
12852 22 19 1628 332
12851 16 20 816 1079
12850 16 26 1789 1077
12849 19 3 784 755
12848 6 16 647 872
12847 7 20 1880 705
12846 19 22 1200 449
12845 3 23 1410 1028
12844 7 20 1880 705
12843 23 26 1520 942
12842 9 9 427 447
12841 26 26 1170 838
12840 23 13 206 128
12839 9 22 909 192
12838 23 29 1232 389
12837 6 19 1243 977
12836 13 3 621 723
12835 22 22 318 898
12834 22 13 1897 272
12833 16 3 227 464
12832 28 6 1065 121
12831 13 10 1614 331
12830 6 3 453 537
12829 26 22 1513 447
12828 25 19 1889 468
12827 22 3 1565 763
12826 25 22 471 448
12825 13 25 1026 365
12824 13 3 621 723
12823 19 6 1813 756
12822 26 6 1156 1073
12821 19 13 1904 276
12820 23 26 1913 600
12819 19 3 522 1009
12818 26 26 496 520
12817 6 13 1713 686
12816 16 13 1477 513
12815 19 22 1804 622
12814 3 20 1263 905
12813 19 13 1784 152
12812 26 22 1487 269
12811 6 6 442 900
12810 19 3 638 618
12809 19 22 1200 449
12808 16 19 234 1001
12807 16 16 878 697
12806 10 13 419 950
12805 19 25 305 782
12804 25 28 221 802
12803 29 19 1268 1095
12802 29 16 1051 169
12801 16 6 755 874
12800 16 29 1730 638
12799 6 29 1859 261
12798 19 25 1263 748
12797 7 26 1166 552
12796 7 20 1880 705
12795 13 10 738 190
12794 10 10 1856 576
12793 16 20 816 1079
12792 25 28 1521 284
12791 6 10 1572 528
12790 13 23 916 1026
12789 19 13 884 455
12788 23 23 1382 991
12787 13 10 483 694
12786 28 16 827 999
12785 26 7 618 442
12784 10 29 1194 399
12783 6 26 1991 318
12782 13 29 1511 325
12781 3 13 1889 538
12780 23 26 1913 600
12779 22 10 1848 196
12778 28 25 952 377
12777 22 16 1175 863
12776 25 22 471 448
12775 3 16 501 692
12774 3 16 501 692
12773 22 29 1448 487
12772 10 26 1843 187
12771 28 22 330 563
12770 3 13 530 916
12769 19 13 1904 276
12768 13 6 1475 889
12767 20 13 1542 128
12766 22 25 914 337
12765 19 3 1547 279
12764 25 22 861 590
12763 10 10 1285 483
12762 28 19 828 888
12761 28 6 1953 299
12760 20 13 1542 128
12759 19 28 486 840
12758 7 16 789 650
12757 22 10 1848 196
12756 19 28 946 1021
12755 6 3 615 970
12754 19 3 638 618
12753 3 20 1263 905
12752 19 22 1804 622
12751 19 13 1688 640
12750 3 10 579 103
12749 29 20 1704 502
12748 7 23 907 152
12747 19 13 1875 107
12746 7 20 1241 674
12745 22 19 470 470
12744 6 26 1991 318
12743 19 19 1437 576
12742 13 29 626 332
12741 7 29 598 161
12740 3 13 1210 892
12739 29 26 1724 482
12738 22 13 667 765
12737 16 16 527 1100
12736 23 26 1594 1052
12735 23 16 1936 498
12734 9 16 814 281
12733 10 3 1641 417
12732 7 26 634 751
12731 22 19 1628 332
12730 26 26 496 520
12729 3 13 633 583
12728 29 16 1369 817
12727 22 19 1628 332
12726 28 25 952 377
12725 16 16 878 697
12724 7 3 1607 273
12723 3 13 685 443
12722 22 16 1175 863
12721 13 13 967 355
12720 25 28 1521 284
12719 22 16 982 229
12718 22 22 930 324
12717 29 29 763 971
12716 6 28 1820 271
12715 13 3 795 302
12714 26 22 1348 605
12713 6 19 996 631
12712 20 23 204 293
12711 29 10 243 775
12710 28 25 952 377
12709 9 9 427 447
12708 19 3 1814 369
12707 13 16 1894 625
12706 25 28 221 802
12705 23 23 1382 991
12704 7 7 828 643
12703 23 23 1366 481
12702 29 16 1051 169
12701 13 3 699 1056
12700 29 29 1019 326
12699 16 28 1863 653
12698 13 25 1467 1058
12697 22 3 1565 763
12696 13 9 1857 1017
12695 25 16 1200 591
12694 25 13 1251 384
12693 29 26 719 600
12692 25 22 1331 509
12691 19 3 1982 619
12690 29 29 763 971
12689 26 29 610 917
12688 26 26 496 520
12687 23 16 1918 1042
12686 10 3 547 766
12685 13 26 1253 542
12684 20 13 1054 815
12683 25 6 216 182
12682 23 29 957 387
12681 3 10 579 103
12680 7 29 598 161
12679 22 19 783 277
12678 29 29 1019 326
12677 25 25 371 509
12676 13 25 550 100
12675 26 7 618 442
12674 23 16 1936 498
12673 6 26 1991 318
12672 28 16 327 1010
12671 29 10 1463 145
12670 22 22 626 1048
12669 16 16 527 1100
12668 16 3 836 819
12667 6 16 618 1039
12666 3 19 1432 1051
12665 19 3 1982 619
12664 3 16 1796 762
12663 19 26 309 271
12662 7 13 1210 414
12661 28 6 1208 309
12660 19 22 1897 986
12659 26 13 1295 104
12658 13 22 590 660
12657 22 22 265 766
12656 29 16 1051 169
12655 3 13 685 443
12654 10 3 1886 632
12653 16 13 1121 641
12652 7 13 898 325
12651 7 10 1630 963
12650 3 23 571 632
12649 29 29 763 971
12648 7 29 743 826
12647 28 19 828 888
12646 10 13 347 187
12645 10 13 419 950
12644 19 13 1040 651
12643 26 26 716 445
12642 13 3 795 302
12641 29 29 969 833
12640 22 16 1819 768
12639 6 19 996 631
12638 10 6 1747 577
12637 3 16 501 692
12636 16 16 527 1100
12635 7 10 1672 419
12634 16 26 1789 1077
12633 23 3 1396 143
12632 26 10 574 593
12631 19 26 836 356
12630 3 16 220 351
12629 7 7 501 800
12628 19 3 762 269
12627 3 13 1210 892
12626 10 6 1765 970
12625 3 19 600 422
12624 29 23 1148 789
12623 10 29 1194 399
12622 25 28 1521 284
12621 19 28 213 755
12620 16 29 1739 656
12619 3 13 633 583
12618 3 16 220 351
12617 26 16 403 402
12616 10 22 1694 969
12615 3 19 600 422
12614 29 20 1160 237
12613 3 10 1791 520
12612 25 22 471 448
12611 22 28 1002 795
12610 22 10 1233 546
12609 9 13 1442 168
12608 16 6 1188 697
12607 6 22 562 614
12606 13 20 1925 840
12605 13 29 626 332
12604 7 29 598 161
12603 26 29 610 917
12602 13 29 1255 923
12601 20 23 204 293
12600 6 19 996 631
12599 16 16 527 1100
12598 9 25 1529 1008
12597 6 22 666 504
12596 26 26 1261 1009
12595 22 22 930 324
12594 10 19 709 692
12593 13 13 1679 146
12592 13 3 466 937
12591 6 22 666 504
12590 16 29 1694 404
12589 19 9 1897 881
12588 29 26 1522 215
12587 3 16 220 351
12586 26 22 1165 1100
12585 13 20 1951 729
12584 13 6 580 558
12583 13 6 1699 1020
12582 29 22 561 236
12581 3 16 1456 192
12580 3 13 685 443
12579 16 16 878 697
12578 22 10 1233 546
12577 22 28 1717 549
12576 3 16 1456 192
12575 16 29 1730 638
12574 23 29 1232 389
12573 13 10 738 190
12572 22 19 287 752
12571 10 29 1488 1094
12570 16 10 1508 454
12569 20 16 851 446
12568 23 16 1918 1042
12567 13 16 1785 297
12566 6 13 1713 686
12565 9 9 427 447
12564 19 9 1059 580
12563 3 7 1565 226
12562 20 16 823 524
12561 20 7 386 964
12560 25 28 1370 535
12559 22 13 1897 272
12558 26 26 1261 1009
12557 3 13 472 300
12556 26 22 1348 605
12555 22 22 626 1048
12554 9 6 1467 681
12553 10 16 1202 634
12552 16 26 1590 728
12551 25 13 546 1056
12550 9 13 211 1039
12549 7 16 764 617
12548 9 13 211 1039
12547 23 20 437 996
12546 26 26 1261 1009
12545 10 29 1065 111
12544 19 22 1719 159
12543 3 13 472 300
12542 3 16 220 351
12541 29 10 243 775
12540 22 19 1628 332
12539 28 16 827 999
12538 3 3 699 786
12537 3 13 1502 270
12536 29 29 969 833
12535 20 16 1200 991
12534 6 19 1243 977
12533 19 19 1990 106
12532 9 22 452 901
12531 19 28 213 755
12530 28 19 1240 826
12529 7 20 1241 674
12528 26 19 1397 1043
12527 29 10 243 775
12526 16 28 935 528
12525 13 26 396 664
12524 22 22 265 766
12523 6 22 794 783
12522 13 3 455 292
12521 26 26 1170 838
12520 19 28 213 755
12519 10 26 1229 237
12518 25 25 371 509
12517 3 13 1306 202
12516 13 3 699 1056
12515 16 22 491 581
12514 28 6 1208 309
12513 23 7 936 609
12512 25 28 521 989
12511 29 29 763 971
12510 3 7 1565 226
12509 3 20 1645 316
12508 13 3 621 723
12507 25 28 521 989
12506 9 13 211 1039
12505 16 29 1142 878
12504 22 16 644 313
12503 13 9 820 552
12502 7 29 743 826
12501 7 23 1303 229
12500 16 16 527 1100
12499 16 13 1121 641
12498 7 3 1823 958
12497 22 28 1002 795
12496 23 23 1366 481
12495 22 19 287 752
12494 28 6 1636 436
12493 7 20 412 756
12492 23 23 1382 991
12491 22 19 287 752
12490 16 10 1081 1064
12489 28 6 707 517
12488 16 29 1593 882
12487 19 13 1537 614
12486 29 22 561 236
12485 22 16 1819 768
12484 29 26 719 600
12483 26 16 403 402
12482 20 10 1663 207
12481 19 22 1719 159
12480 3 19 585 827
12479 3 16 501 692
12478 10 29 676 526
12477 13 6 580 558
12476 22 22 318 898
12475 16 29 1593 882
12474 3 10 984 463
12473 19 19 873 118
12472 19 22 1719 159
12471 25 19 1753 524
12470 22 3 480 1037
12469 28 25 952 377
12468 9 9 1137 1019
12467 26 22 1348 605
12466 7 13 898 325
12465 23 29 1789 900
12464 16 29 1002 441
12463 19 25 854 790
12462 3 10 984 463
12461 26 16 403 402
12460 3 16 1456 192
12459 20 7 894 300
12458 3 19 585 827
12457 19 22 1260 355
12456 9 13 211 1039
12455 7 26 1166 552
12454 25 19 1889 468
12453 6 19 486 789
12452 6 3 1347 609
12451 9 19 1281 241
12450 3 16 220 351
12449 6 26 1143 180
12448 13 9 1857 1017
12447 6 22 562 614
12446 22 9 1805 279
12445 19 13 884 455
12444 3 13 530 916
12443 22 10 1233 546
12442 16 28 1863 653
12441 26 22 1065 616
12440 3 20 1434 362
12439 3 13 633 583
12438 22 13 293 191
12437 23 20 437 996
12436 25 22 580 176
12435 3 16 1105 256
12434 6 19 406 430
12433 19 13 1875 107
12432 25 16 1200 591
12431 13 26 1253 542
12430 25 6 647 415
12429 29 13 1014 130
12428 6 22 666 504
12427 26 29 1233 434
12426 13 6 1062 195
12425 19 22 1719 159
12424 13 10 483 694
12423 19 22 735 193
12422 26 29 1233 434
12421 22 10 1233 546
12420 22 16 644 313
12419 29 16 1369 817
12418 22 22 265 766
12417 16 3 279 744
12416 29 29 969 833
12415 10 16 1202 634
12414 3 22 1662 201
12413 22 25 1227 810
12412 26 16 403 402
12411 3 10 579 103
12410 25 6 216 182
12409 6 13 1713 686
12408 23 29 1232 389
12407 26 20 1645 318
12406 7 3 1823 958
12405 22 25 224 467
12404 9 13 211 1039
12403 22 22 265 766
12402 3 23 1410 1028
12401 16 16 287 918
12400 23 16 868 608
