id volume peso recompensa duração(s)
6399 3 10 579 103
6398 22 19 602 291
6397 16 28 875 1094
6396 6 19 996 631
6395 23 20 1786 1041
6394 26 13 1295 104
6393 22 13 226 631
6392 29 16 584 203
6391 26 20 1645 318
6390 19 3 1982 619
6389 6 22 562 614
6388 29 10 243 775
6387 23 13 206 128
6386 3 19 600 422
6385 16 3 836 819
6384 9 22 909 192
6383 23 16 1936 498
6382 13 3 699 1056
6381 9 13 1442 168
6380 26 26 1261 1009
6379 6 3 453 537
6378 16 3 262 658
6377 3 13 530 916
6376 29 22 561 236
6375 16 13 1718 114
6374 9 13 1442 168
6373 29 16 1051 169
6372 16 29 1739 656
6371 26 19 1397 1043
6370 22 16 982 229
6369 13 10 606 592
6368 13 3 795 302
6367 25 28 724 816
6366 23 3 1396 143
6365 3 3 355 869
6364 9 9 427 447
6363 19 13 1688 640
6362 3 19 952 540
6361 22 13 1897 272
6360 13 6 1699 1020
6359 20 16 851 446
6358 19 3 638 618
6357 25 28 221 802
6356 19 16 1012 845
6355 29 16 1051 169
6354 19 3 1814 369
6353 3 22 1662 201
6352 25 22 580 176
6351 3 16 753 124
6350 3 19 754 984
6349 10 23 1205 1088
6348 3 20 1263 905
6347 20 16 851 446
6346 22 13 293 191
6345 22 10 1079 154
6344 3 7 1565 226
6343 16 16 878 697
6342 16 28 1821 660
6341 19 13 1875 107
6340 13 10 1614 331
6339 22 19 287 752
6338 20 23 1236 246
6337 19 28 213 755
6336 16 13 654 720
6335 6 6 1445 1014
6334 6 26 1291 1035
6333 28 22 1166 491
6332 10 26 410 192
6331 20 10 1663 207
6330 9 16 814 281
6329 19 22 1804 622
6328 9 16 814 281
6327 19 22 1897 986
6326 19 22 1440 777
6325 6 6 1445 1014
6324 3 20 1645 316
6323 20 7 386 964
6322 13 22 590 660
6321 7 7 828 643
6320 6 10 465 900
6319 22 19 783 277
6318 29 10 1463 145
6317 3 20 1645 316
6316 16 29 1142 878
6315 13 16 1838 354
6314 22 25 1227 810
6313 16 3 704 1025
6312 7 26 1257 632
6311 26 26 1261 1009
6310 23 26 1520 942
6309 13 13 967 355
6308 25 13 1251 384
6307 16 19 234 1001
6306 28 6 707 517
6305 23 23 1366 481
6304 3 10 984 463
6303 16 6 755 874
6302 6 3 1176 551
6301 3 19 952 540
6300 7 3 1823 958
6299 6 10 713 921
6298 26 13 1295 104
6297 20 13 1542 128
6296 22 10 1848 196
6295 9 25 849 1008
6294 9 9 427 447
6293 23 7 936 609
6292 19 22 1719 159
6291 3 13 1306 202
6290 19 3 1982 619
6289 29 13 1014 130
6288 25 22 580 176
6287 3 22 1768 195
6286 9 22 452 901
6285 29 10 243 775
6284 19 25 305 782
6283 13 9 820 552
6282 19 16 1967 865
6281 6 6 564 1017
6280 9 19 1281 241
6279 23 29 1789 900
6278 6 3 615 970
6277 20 26 1863 104
6276 3 13 751 234
6275 7 10 801 919
6274 10 7 1801 301
6273 22 19 783 277
6272 23 16 1936 498
6271 22 3 338 357
6270 7 20 1241 674
6269 10 19 1278 267
6268 26 20 971 308
6267 10 7 1801 301
6266 19 3 762 269
6265 10 26 1229 237
6264 13 23 916 1026
6263 13 29 1255 923
6262 16 10 1508 454
6261 16 19 1873 697
6260 3 19 585 827
6259 3 16 220 351
6258 16 23 746 416
6257 13 6 490 406
6256 16 16 287 918
6255 6 6 442 900
6254 19 19 1437 576
6253 3 3 1563 535
6252 26 6 1627 732
6251 3 16 1796 762
6250 28 9 1185 918
6249 13 23 1714 347
6248 29 26 719 600
6247 19 16 1967 865
6246 3 19 952 540
6245 10 29 676 526
6244 25 19 1889 468
6243 6 16 1023 132
6242 22 19 287 752
6241 20 7 386 964
6240 22 28 1002 795
6239 10 3 1886 632
6238 25 19 1753 524
6237 6 6 779 122
6236 29 10 1657 287
6235 19 3 522 1009
6234 23 16 1936 498
6233 13 29 626 332
6232 7 7 828 643
6231 19 25 854 790
6230 22 13 709 953
6229 13 10 606 592
6228 29 16 584 203
6227 26 22 1065 616
6226 13 3 455 292
6225 9 13 1442 168
6224 6 22 597 540
6223 13 16 1838 354
6222 26 22 1065 616
6221 22 9 1509 598
6220 6 19 1185 822
6219 28 6 1208 309
6218 3 19 952 540
6217 16 28 875 1094
6216 13 10 629 410
6215 6 26 1991 318
6214 6 3 615 970
6213 22 13 1897 272
6212 19 3 762 269
6211 19 28 213 755
6210 19 3 1982 619
6209 22 13 667 765
6208 29 16 1369 817
6207 22 22 626 1048
6206 3 13 1889 538
6205 6 6 631 145
6204 16 29 1593 882
6203 22 3 338 357
6202 13 3 690 686
6201 19 6 1204 453
6200 16 10 396 514
6199 9 6 1467 681
6198 16 29 1593 882
6197 13 29 1255 923
6196 16 13 707 359
6195 13 26 1073 1066
6194 16 3 262 658
6193 29 26 1522 215
6192 16 13 707 359
6191 22 22 265 766
6190 13 10 606 592
6189 6 29 1800 116
6188 23 23 1366 481
6187 9 13 1442 168
6186 13 23 916 1026
6185 19 13 1875 107
6184 20 23 1325 338
6183 22 25 224 467
6182 3 13 1889 538
6181 13 20 1925 840
6180 26 26 496 520
6179 19 19 873 118
6178 26 20 1645 318
6177 20 10 1569 720
6176 28 16 327 1010
6175 7 10 1672 419
6174 19 3 762 269
6173 19 13 1537 614
6172 6 10 465 900
6171 16 6 755 874
6170 16 26 1590 728
6169 22 19 602 291
6168 23 29 1789 900
6167 22 3 1565 763
6166 13 29 719 531
6165 6 19 1185 822
6164 3 10 1791 520
6163 20 13 848 198
6162 7 26 634 751
6161 25 13 546 1056
6160 22 25 224 467
6159 6 29 834 900
6158 19 6 1813 756
6157 19 3 522 1009
6156 7 23 907 152
6155 3 3 715 977
6154 6 19 486 789
6153 16 19 234 1001
6152 7 23 1303 229
6151 19 10 1820 348
6150 22 19 1628 332
6149 19 13 1784 152
6148 6 3 615 970
6147 10 29 676 526
6146 26 16 1303 358
6145 10 23 1205 1088
6144 3 13 530 916
6143 19 6 1108 1031
6142 16 3 477 194
6141 29 10 243 775
6140 16 22 1579 619
6139 6 29 834 900
6138 3 13 1502 270
6137 16 23 746 416
6136 3 23 571 632
6135 28 6 1065 121
6134 29 16 1442 123
6133 13 10 629 410
6132 6 3 1176 551
6131 29 10 1657 287
6130 19 28 213 755
6129 16 19 1193 338
6128 7 20 412 756
6127 9 19 775 997
6126 19 29 1523 353
6125 19 19 873 118
6124 20 23 1236 246
6123 29 20 1972 641
6122 16 16 287 918
6121 19 22 1719 159
6120 25 28 521 989
6119 20 16 1200 991
6118 6 19 486 789
6117 16 16 772 229
6116 3 19 754 984
6115 20 13 1542 128
6114 22 13 293 191
6113 3 16 1796 762
6112 16 3 262 658
6111 7 10 1672 419
6110 10 26 410 192
6109 29 26 1724 482
6108 16 20 816 1079
6107 16 10 396 514
6106 29 10 1657 287
6105 3 13 530 916
6104 19 6 1108 1031
6103 16 22 491 581
6102 20 16 823 524
6101 9 9 1137 1019
6100 10 3 1886 632
6099 6 6 564 1017
6098 7 7 828 643
6097 6 6 1921 197
6096 3 13 1313 1080
6095 3 16 501 692
6094 19 13 1040 651
6093 20 23 1325 338
6092 22 28 347 1058
6091 28 6 1953 299
6090 20 23 204 293
6089 29 16 1369 817
6088 22 10 1848 196
6087 7 3 1607 273
6086 6 26 1291 1035
6085 22 13 709 953
6084 16 16 1633 195
6083 22 9 1509 598
6082 7 26 1257 632
6081 13 6 1987 926
6080 3 19 600 422
6079 16 13 1477 513
6078 19 13 1040 651
6077 20 3 1785 160
6076 22 22 930 324
6075 6 16 1023 132
6074 19 10 1820 348
6073 20 10 1663 207
6072 23 23 1366 481
6071 23 29 1232 389
6070 19 25 1263 748
6069 13 3 795 302
6068 6 3 615 970
6067 16 28 1821 660
6066 16 10 1081 1064
6065 3 13 1907 307
6064 7 7 1524 189
6063 19 9 1059 580
6062 10 19 709 692
6061 19 28 486 840
6060 13 9 1857 1017
6059 6 6 631 145
6058 20 13 1542 128
6057 13 3 795 302
6056 19 3 784 755
6055 10 29 1488 1094
6054 25 6 647 415
6053 22 16 982 229
6052 13 23 560 244
6051 10 26 410 192
6050 19 16 1319 385
6049 13 26 1073 1066
6048 16 19 1193 338
6047 13 10 606 592
6046 3 13 633 583
6045 13 3 203 818
6044 16 19 1193 338
6043 3 23 1410 1028
6042 16 16 527 1100
6041 22 16 1175 863
6040 16 10 1081 1064
6039 13 22 590 660
6038 22 16 1175 863
6037 22 25 914 337
6036 22 9 1509 598
6035 28 19 1240 826
6034 22 25 914 337
6033 13 3 621 723
6032 19 13 884 455
6031 16 10 1508 454
6030 3 20 1645 316
6029 16 3 1518 1053
6028 20 13 1054 815
6027 3 20 1263 905
6026 10 29 676 526
6025 3 16 753 124
6024 16 6 1332 642
6023 26 6 1156 1073
6022 9 19 1281 241
6021 10 3 547 766
6020 23 7 983 372
6019 16 3 836 819
6018 13 6 490 406
6017 7 20 1241 674
6016 7 10 801 919
6015 29 29 1019 326
6014 3 19 600 422
6013 29 26 719 600
6012 3 16 1796 762
6011 10 19 1278 267
6010 25 28 521 989
6009 28 6 1065 121
6008 13 13 1008 398
6007 6 19 1185 822
6006 13 3 455 292
6005 6 6 1445 1014
6004 6 10 713 921
6003 13 16 1785 297
6002 10 10 1285 483
6001 19 22 1200 449
6000 3 19 754 984
5999 3 16 501 692
5998 9 25 849 1008
5997 19 13 1784 152
5996 16 29 1730 638
5995 22 22 265 766
5994 16 29 1142 878
5993 16 13 671 726
5992 10 16 1202 634
5991 19 25 854 790
5990 28 25 952 377
5989 16 16 287 918
5988 23 20 437 996
5987 20 7 386 964
5986 6 10 713 921
5985 29 10 483 1038
5984 7 10 801 919
5983 16 29 1142 878
5982 16 3 227 464
5981 13 10 1614 331
5980 25 28 724 816
5979 16 29 1739 656
5978 23 29 1789 900
5977 19 19 1956 207
5976 22 16 1175 863
5975 16 13 1718 114
5974 19 16 1012 845
5973 10 29 1488 1094
5972 29 20 1972 641
5971 22 28 347 1058
5970 10 26 410 192
5969 13 29 719 531
5968 16 28 1821 660
5967 25 28 221 802
5966 7 13 734 917
5965 6 13 1201 715
5964 10 13 347 187
5963 13 16 1838 354
5962 25 19 1889 468
5961 6 16 647 872
5960 3 19 1432 1051
5959 10 19 709 692
5958 22 10 1848 196
5957 25 13 1251 384
5956 3 23 697 699
5955 6 22 666 504
5954 20 13 1542 128
5953 16 10 1508 454
5952 19 29 1523 353
5951 16 22 1579 619
5950 23 7 936 609
5949 29 10 1463 145
5948 23 7 983 372
5947 3 22 940 937
5946 7 7 501 800
5945 10 13 414 478
5944 13 3 699 1056
5943 16 19 234 1001
5942 16 19 1193 338
5941 26 26 716 445
5940 6 28 1820 271
5939 22 10 1079 154
5938 10 6 1747 577
5937 10 10 1285 483
5936 16 13 367 703
5935 6 19 1243 977
5934 3 22 1662 201
5933 3 13 633 583
5932 10 26 410 192
5931 13 29 1255 923
5930 22 13 293 191
5929 3 10 984 463
5928 26 13 1295 104
5927 23 29 1789 900
5926 6 6 779 122
5925 7 13 734 917
5924 19 28 213 755
5923 19 28 213 755
5922 3 7 1565 226
5921 19 19 1990 106
5920 3 10 579 103
5919 22 29 1500 828
5918 26 22 1487 269
5917 23 20 437 996
5916 25 28 1909 396
5915 10 10 1856 576
5914 16 13 367 703
5913 13 10 1614 331
5912 16 29 1694 404
5911 29 20 1704 502
5910 25 25 371 509
5909 20 23 1551 986
5908 19 25 844 478
5907 16 13 1121 641
5906 3 23 697 699
5905 29 26 1522 215
5904 3 13 1306 202
5903 16 29 1002 441
5902 7 23 1303 229
5901 26 6 774 314
5900 29 23 1148 789
5899 16 22 1579 619
5898 9 13 1442 168
5897 16 29 1083 521
5896 19 3 638 618
5895 6 16 1023 132
5894 29 13 1014 130
5893 10 10 1856 576
5892 19 13 1040 651
5891 6 6 631 145
5890 26 20 971 308
5889 3 3 355 869
5888 3 16 1391 846
5887 22 6 683 553
5886 16 28 875 1094
5885 25 28 221 802
5884 13 13 967 355
5883 26 7 618 442
5882 25 13 546 1056
5881 13 3 621 723
5880 19 9 1897 881
5879 22 3 338 357
5878 9 13 211 1039
5877 22 29 1500 828
5876 19 3 1814 369
5875 3 20 1434 362
5874 9 6 1467 681
5873 3 7 1565 226
5872 19 9 1897 881
5871 25 28 221 802
5870 23 20 1536 804
5869 26 22 1513 447
5868 16 3 1518 1053
5867 19 26 309 271
5866 26 22 1065 616
5865 20 10 1663 207
5864 13 25 1026 365
5863 6 10 713 921
5862 13 26 1639 927
5861 3 22 1662 201
5860 3 13 1210 892
5859 26 16 403 402
5858 29 26 1724 482
5857 29 16 1051 169
5856 6 26 1143 180
5855 29 16 1442 123
5854 3 23 571 632
5853 22 19 783 277
5852 13 16 1838 354
5851 16 13 707 359
5850 22 28 1717 549
5849 16 3 477 194
5848 29 10 1657 287
5847 16 16 878 697
5846 13 16 1894 625
5845 29 19 1268 1095
5844 19 28 486 840
5843 16 13 1477 513
5842 3 19 901 980
5841 6 19 486 789
5840 10 16 1202 634
5839 6 6 1921 197
5838 19 13 884 455
5837 22 28 1717 549
5836 13 23 1714 347
5835 23 7 936 609
5834 16 16 706 408
5833 16 29 533 935
5832 19 28 512 778
5831 6 13 1201 715
5830 3 19 1432 1051
5829 7 3 1823 958
5828 6 3 1176 551
5827 16 10 396 514
5826 22 22 318 898
5825 16 29 1002 441
5824 28 19 828 888
5823 19 25 305 782
5822 19 13 1784 152
5821 19 28 512 778
5820 28 16 827 999
5819 23 16 1936 498
5818 13 26 1639 927
5817 16 10 1508 454
5816 28 22 330 563
5815 7 13 1210 414
5814 29 29 969 833
5813 19 16 1489 751
5812 3 3 699 786
5811 19 3 1814 369
5810 13 10 1614 331
5809 22 3 338 357
5808 28 6 707 517
5807 7 3 1607 273
5806 13 29 626 332
5805 9 19 775 997
5804 19 16 1012 845
5803 3 20 1263 905
5802 19 3 522 1009
5801 16 13 671 726
5800 20 13 1054 815
5799 16 29 1593 882
5798 20 23 1325 338
5797 13 9 1857 1017
5796 16 13 1718 114
5795 19 16 1967 865
5794 19 6 324 237
5793 20 23 1236 246
5792 26 13 1295 104
5791 19 6 217 732
5790 22 16 1819 768
5789 6 16 1023 132
5788 19 13 1904 276
5787 26 16 403 402
5786 19 16 1012 845
5785 28 6 1065 121
5784 19 13 1040 651
5783 16 16 878 697
5782 19 22 1804 622
5781 20 13 848 198
5780 6 19 486 789
5779 28 6 1636 436
5778 16 20 816 1079
5777 7 26 1166 552
5776 3 16 753 124
5775 13 6 223 597
5774 20 16 1200 991
5773 6 6 442 900
5772 13 13 1008 398
5771 9 13 1442 168
5770 3 10 1475 786
5769 25 28 1370 535
5768 28 19 1240 826
5767 28 25 952 377
5766 6 3 1347 609
5765 6 16 1023 132
5764 23 29 1232 389
5763 6 22 666 504
5762 9 9 1137 1019
5761 22 16 1175 863
5760 13 3 466 937
5759 19 13 884 455
5758 3 16 1391 846
5757 23 23 881 353
5756 19 9 1059 580
5755 23 23 1366 481
5754 10 13 414 478
5753 16 29 1694 404
5752 19 6 1108 1031
5751 6 26 1991 318
5750 26 26 1170 838
5749 13 26 1073 1066
5748 7 20 412 756
5747 22 10 1848 196
5746 28 9 1185 918
5745 7 20 412 756
5744 7 20 1577 1043
5743 6 19 486 789
5742 6 16 647 872
5741 10 26 1229 237
5740 16 20 816 1079
5739 22 10 1848 196
5738 23 26 1913 600
5737 16 16 706 408
5736 16 3 836 819
5735 6 6 564 1017
5734 19 6 324 237
5733 6 10 1572 528
5732 13 6 1987 926
5731 3 19 1928 713
5730 28 6 1953 299
5729 19 6 1108 1031
5728 22 9 1509 598
5727 13 29 626 332
5726 29 10 1463 145
5725 20 26 1863 104
5724 16 13 1121 641
5723 6 22 666 504
5722 6 16 647 872
5721 7 3 1607 273
5720 22 13 667 765
5719 3 20 1434 362
5718 29 16 1369 817
5717 28 6 1065 121
5716 26 6 1156 1073
5715 7 23 1303 229
5714 3 13 1210 892
5713 29 16 1442 123
5712 23 16 1936 498
5711 3 22 1768 195
5710 22 13 667 765
5709 19 6 1108 1031
5708 22 19 287 752
5707 13 26 1073 1066
5706 19 6 1108 1031
5705 16 3 836 819
5704 13 13 967 355
5703 16 26 1789 1077
5702 13 10 606 592
5701 19 9 1897 881
5700 26 19 1397 1043
5699 26 7 738 375
5698 16 29 533 935
5697 23 29 957 387
5696 29 16 584 203
5695 28 25 952 377
5694 9 9 1137 1019
5693 20 13 636 446
5692 19 16 1319 385
5691 16 6 1188 697
5690 20 26 1863 104
5689 29 10 1463 145
5688 13 3 621 723
5687 6 6 1921 197
5686 3 10 984 463
5685 16 29 1694 404
5684 19 19 873 118
5683 19 26 309 271
5682 16 10 396 514
5681 3 16 1796 762
5680 9 25 1529 1008
5679 16 29 1142 878
5678 19 26 836 356
5677 7 26 634 751
5676 19 3 638 618
5675 19 19 873 118
5674 16 19 1873 697
5673 13 6 1062 195
5672 13 29 626 332
5671 23 16 1918 1042
5670 22 25 914 337
5669 22 28 1717 549
5668 22 16 1819 768
5667 19 9 1897 881
5666 3 16 1391 846
5665 13 6 490 406
5664 19 28 486 840
5663 19 22 1200 449
5662 16 16 1633 195
5661 3 19 754 984
5660 10 13 1315 328
5659 19 19 1956 207
5658 28 22 1166 491
5657 6 19 996 631
5656 19 22 691 728
5655 20 23 1236 246
5654 16 29 1002 441
5653 16 29 1083 521
5652 22 19 1628 332
5651 16 20 816 1079
5650 16 26 1789 1077
5649 19 3 784 755
5648 6 16 647 872
5647 7 20 1880 705
5646 19 22 1200 449
5645 3 23 1410 1028
5644 7 20 1880 705
5643 23 26 1520 942
5642 9 9 427 447
5641 26 26 1170 838
5640 23 13 206 128
5639 9 22 909 192
5638 23 29 1232 389
5637 6 19 1243 977
5636 13 3 621 723
5635 22 22 318 898
5634 22 13 1897 272
5633 16 3 227 464
5632 28 6 1065 121
5631 13 10 1614 331
5630 6 3 453 537
5629 26 22 1513 447
5628 25 19 1889 468
5627 22 3 1565 763
5626 25 22 471 448
5625 13 25 1026 365
5624 13 3 621 723
5623 19 6 1813 756
5622 26 6 1156 1073
5621 19 13 1904 276
5620 23 26 1913 600
5619 19 3 522 1009
5618 26 26 496 520
5617 6 13 1713 686
5616 16 13 1477 513
5615 19 22 1804 622
5614 3 20 1263 905
5613 19 13 1784 152
5612 26 22 1487 269
5611 6 6 442 900
5610 19 3 638 618
5609 19 22 1200 449
5608 16 19 234 1001
5607 16 16 878 697
5606 10 13 419 950
5605 19 25 305 782
5604 25 28 221 802
5603 29 19 1268 1095
5602 29 16 1051 169
5601 16 6 755 874
5600 16 29 1730 638
5599 6 29 1859 261
5598 19 25 1263 748
5597 7 26 1166 552
5596 7 20 1880 705
5595 13 10 738 190
5594 10 10 1856 576
5593 16 20 816 1079
5592 25 28 1521 284
5591 6 10 1572 528
5590 13 23 916 1026
5589 19 13 884 455
5588 23 23 1382 991
5587 13 10 483 694
5586 28 16 827 999
5585 26 7 618 442
5584 10 29 1194 399
5583 6 26 1991 318
5582 13 29 1511 325
5581 3 13 1889 538
5580 23 26 1913 600
5579 22 10 1848 196
5578 28 25 952 377
5577 22 16 1175 863
5576 25 22 471 448
5575 3 16 501 692
5574 3 16 501 692
5573 22 29 1448 487
5572 10 26 1843 187
5571 28 22 330 563
5570 3 13 530 916
5569 19 13 1904 276
5568 13 6 1475 889
5567 20 13 1542 128
5566 22 25 914 337
5565 19 3 1547 279
5564 25 22 861 590
5563 10 10 1285 483
5562 28 19 828 888
5561 28 6 1953 299
5560 20 13 1542 128
5559 19 28 486 840
5558 7 16 789 650
5557 22 10 1848 196
5556 19 28 946 1021
5555 6 3 615 970
5554 19 3 638 618
5553 3 20 1263 905
5552 19 22 1804 622
5551 19 13 1688 640
5550 3 10 579 103
5549 29 20 1704 502
5548 7 23 907 152
5547 19 13 1875 107
5546 7 20 1241 674
5545 22 19 470 470
5544 6 26 1991 318
5543 19 19 1437 576
5542 13 29 626 332
5541 7 29 598 161
5540 3 13 1210 892
5539 29 26 1724 482
5538 22 13 667 765
5537 16 16 527 1100
5536 23 26 1594 1052
5535 23 16 1936 498
5534 9 16 814 281
5533 10 3 1641 417
5532 7 26 634 751
5531 22 19 1628 332
5530 26 26 496 520
5529 3 13 633 583
5528 29 16 1369 817
5527 22 19 1628 332
5526 28 25 952 377
5525 16 16 878 697
5524 7 3 1607 273
5523 3 13 685 443
5522 22 16 1175 863
5521 13 13 967 355
5520 25 28 1521 284
5519 22 16 982 229
5518 22 22 930 324
5517 29 29 763 971
5516 6 28 1820 271
5515 13 3 795 302
5514 26 22 1348 605
5513 6 19 996 631
5512 20 23 204 293
5511 29 10 243 775
5510 28 25 952 377
5509 9 9 427 447
5508 19 3 1814 369
5507 13 16 1894 625
5506 25 28 221 802
5505 23 23 1382 991
5504 7 7 828 643
5503 23 23 1366 481
5502 29 16 1051 169
5501 13 3 699 1056
5500 29 29 1019 326
5499 16 28 1863 653
5498 13 25 1467 1058
5497 22 3 1565 763
5496 13 9 1857 1017
5495 25 16 1200 591
5494 25 13 1251 384
5493 29 26 719 600
5492 25 22 1331 509
5491 19 3 1982 619
5490 29 29 763 971
5489 26 29 610 917
5488 26 26 496 520
5487 23 16 1918 1042
5486 10 3 547 766
5485 13 26 1253 542
5484 20 13 1054 815
5483 25 6 216 182
5482 23 29 957 387
5481 3 10 579 103
5480 7 29 598 161
5479 22 19 783 277
5478 29 29 1019 326
5477 25 25 371 509
5476 13 25 550 100
5475 26 7 618 442
5474 23 16 1936 498
5473 6 26 1991 318
5472 28 16 327 1010
5471 29 10 1463 145
5470 22 22 626 1048
5469 16 16 527 1100
5468 16 3 836 819
5467 6 16 618 1039
5466 3 19 1432 1051
5465 19 3 1982 619
5464 3 16 1796 762
5463 19 26 309 271
5462 7 13 1210 414
5461 28 6 1208 309
5460 19 22 1897 986
5459 26 13 1295 104
5458 13 22 590 660
5457 22 22 265 766
5456 29 16 1051 169
5455 3 13 685 443
5454 10 3 1886 632
5453 16 13 1121 641
5452 7 13 898 325
5451 7 10 1630 963
5450 3 23 571 632
5449 29 29 763 971
5448 7 29 743 826
5447 28 19 828 888
5446 10 13 347 187
5445 10 13 419 950
5444 19 13 1040 651
5443 26 26 716 445
5442 13 3 795 302
5441 29 29 969 833
5440 22 16 1819 768
5439 6 19 996 631
5438 10 6 1747 577
5437 3 16 501 692
5436 16 16 527 1100
5435 7 10 1672 419
5434 16 26 1789 1077
5433 23 3 1396 143
5432 26 10 574 593
5431 19 26 836 356
5430 3 16 220 351
5429 7 7 501 800
5428 19 3 762 269
5427 3 13 1210 892
5426 10 6 1765 970
5425 3 19 600 422
5424 29 23 1148 789
5423 10 29 1194 399
5422 25 28 1521 284
5421 19 28 213 755
5420 16 29 1739 656
5419 3 13 633 583
5418 3 16 220 351
5417 26 16 403 402
5416 10 22 1694 969
5415 3 19 600 422
5414 29 20 1160 237
5413 3 10 1791 520
5412 25 22 471 448
5411 22 28 1002 795
5410 22 10 1233 546
5409 9 13 1442 168
5408 16 6 1188 697
5407 6 22 562 614
5406 13 20 1925 840
5405 13 29 626 332
5404 7 29 598 161
5403 26 29 610 917
5402 13 29 1255 923
5401 20 23 204 293
5400 6 19 996 631
5399 16 16 527 1100
5398 9 25 1529 1008
5397 6 22 666 504
5396 26 26 1261 1009
5395 22 22 930 324
5394 10 19 709 692
5393 13 13 1679 146
5392 13 3 466 937
5391 6 22 666 504
5390 16 29 1694 404
5389 19 9 1897 881
5388 29 26 1522 215
5387 3 16 220 351
5386 26 22 1165 1100
5385 13 20 1951 729
5384 13 6 580 558
5383 13 6 1699 1020
5382 29 22 561 236
5381 3 16 1456 192
5380 3 13 685 443
5379 16 16 878 697
5378 22 10 1233 546
5377 22 28 1717 549
5376 3 16 1456 192
5375 16 29 1730 638
5374 23 29 1232 389
5373 13 10 738 190
5372 22 19 287 752
5371 10 29 1488 1094
5370 16 10 1508 454
5369 20 16 851 446
5368 23 16 1918 1042
5367 13 16 1785 297
5366 6 13 1713 686
5365 9 9 427 447
5364 19 9 1059 580
5363 3 7 1565 226
5362 20 16 823 524
5361 20 7 386 964
5360 25 28 1370 535
5359 22 13 1897 272
5358 26 26 1261 1009
5357 3 13 472 300
5356 26 22 1348 605
5355 22 22 626 1048
5354 9 6 1467 681
5353 10 16 1202 634
5352 16 26 1590 728
5351 25 13 546 1056
5350 9 13 211 1039
5349 7 16 764 617
5348 9 13 211 1039
5347 23 20 437 996
5346 26 26 1261 1009
5345 10 29 1065 111
5344 19 22 1719 159
5343 3 13 472 300
5342 3 16 220 351
5341 29 10 243 775
5340 22 19 1628 332
5339 28 16 827 999
5338 3 3 699 786
5337 3 13 1502 270
5336 29 29 969 833
5335 20 16 1200 991
5334 6 19 1243 977
5333 19 19 1990 106
5332 9 22 452 901
5331 19 28 213 755
5330 28 19 1240 826
5329 7 20 1241 674
5328 26 19 1397 1043
5327 29 10 243 775
5326 16 28 935 528
5325 13 26 396 664
5324 22 22 265 766
5323 6 22 794 783
5322 13 3 455 292
5321 26 26 1170 838
5320 19 28 213 755
5319 10 26 1229 237
5318 25 25 371 509
5317 3 13 1306 202
5316 13 3 699 1056
5315 16 22 491 581
5314 28 6 1208 309
5313 23 7 936 609
5312 25 28 521 989
5311 29 29 763 971
5310 3 7 1565 226
5309 3 20 1645 316
5308 13 3 621 723
5307 25 28 521 989
5306 9 13 211 1039
5305 16 29 1142 878
5304 22 16 644 313
5303 13 9 820 552
5302 7 29 743 826
5301 7 23 1303 229
5300 16 16 527 1100
5299 16 13 1121 641
5298 7 3 1823 958
5297 22 28 1002 795
5296 23 23 1366 481
5295 22 19 287 752
5294 28 6 1636 436
5293 7 20 412 756
5292 23 23 1382 991
5291 22 19 287 752
5290 16 10 1081 1064
5289 28 6 707 517
5288 16 29 1593 882
5287 19 13 1537 614
5286 29 22 561 236
5285 22 16 1819 768
5284 29 26 719 600
5283 26 16 403 402
5282 20 10 1663 207
5281 19 22 1719 159
5280 3 19 585 827
5279 3 16 501 692
5278 10 29 676 526
5277 13 6 580 558
5276 22 22 318 898
5275 16 29 1593 882
5274 3 10 984 463
5273 19 19 873 118
5272 19 22 1719 159
5271 25 19 1753 524
5270 22 3 480 1037
5269 28 25 952 377
5268 9 9 1137 1019
5267 26 22 1348 605
5266 7 13 898 325
5265 23 29 1789 900
5264 16 29 1002 441
5263 19 25 854 790
5262 3 10 984 463
5261 26 16 403 402
5260 3 16 1456 192
5259 20 7 894 300
5258 3 19 585 827
5257 19 22 1260 355
5256 9 13 211 1039
5255 7 26 1166 552
5254 25 19 1889 468
5253 6 19 486 789
5252 6 3 1347 609
5251 9 19 1281 241
5250 3 16 220 351
5249 6 26 1143 180
5248 13 9 1857 1017
5247 6 22 562 614
5246 22 9 1805 279
5245 19 13 884 455
5244 3 13 530 916
5243 22 10 1233 546
5242 16 28 1863 653
5241 26 22 1065 616
5240 3 20 1434 362
5239 3 13 633 583
5238 22 13 293 191
5237 23 20 437 996
5236 25 22 580 176
5235 3 16 1105 256
5234 6 19 406 430
5233 19 13 1875 107
5232 25 16 1200 591
5231 13 26 1253 542
5230 25 6 647 415
5229 29 13 1014 130
5228 6 22 666 504
5227 26 29 1233 434
5226 13 6 1062 195
5225 19 22 1719 159
5224 13 10 483 694
5223 19 22 735 193
5222 26 29 1233 434
5221 22 10 1233 546
5220 22 16 644 313
5219 29 16 1369 817
5218 22 22 265 766
5217 16 3 279 744
5216 29 29 969 833
5215 10 16 1202 634
5214 3 22 1662 201
5213 22 25 1227 810
5212 26 16 403 402
5211 3 10 579 103
5210 25 6 216 182
5209 6 13 1713 686
5208 23 29 1232 389
5207 26 20 1645 318
5206 7 3 1823 958
5205 22 25 224 467
5204 9 13 211 1039
5203 22 22 265 766
5202 3 23 1410 1028
5201 16 16 287 918
5200 23 16 868 608
5199 6 29 1800 116
5198 6 6 1921 197
5197 13 16 1838 354
5196 19 19 1990 106
5195 3 3 355 869
5194 26 6 774 314
5193 16 13 1121 641
5192 26 26 496 520
5191 6 22 666 504
5190 16 16 706 408
5189 29 10 1463 145
5188 23 7 936 609
5187 22 10 1079 154
5186 20 23 1325 338
5185 6 6 564 1017
5184 6 29 1859 261
5183 3 3 715 977
5182 13 10 738 190
5181 13 9 820 552
5180 7 26 1257 632
5179 19 3 522 1009
5178 23 20 1786 1041
5177 6 10 713 921
5176 13 13 1679 146
5175 13 29 1511 325
5174 6 6 564 1017
5173 25 22 1331 509
5172 26 6 1156 1073
5171 13 29 719 531
5170 3 13 1306 202
5169 19 26 309 271
5168 6 19 996 631
5167 26 16 1296 524
5166 29 16 584 203
5165 19 13 1784 152
5164 10 29 1194 399
5163 6 6 779 122
5162 23 16 1936 498
5161 6 19 1591 138
5160 6 13 1201 715
5159 19 25 1263 748
5158 10 7 1801 301
5157 29 20 1160 237
5156 6 10 1572 528
5155 16 29 1730 638
5154 6 22 562 614
5153 13 13 967 355
5152 20 23 1325 338
5151 19 6 324 237
5150 9 9 427 447
5149 3 19 600 422
5148 13 6 1699 1020
5147 22 29 1500 828
5146 3 3 355 869
5145 10 29 1194 399
5144 26 22 1065 616
5143 22 10 1233 546
5142 10 29 1194 399
5141 22 22 265 766
5140 16 13 1718 114
5139 19 10 1820 348
5138 10 23 1205 1088
5137 25 22 861 590
5136 20 20 418 893
5135 13 29 719 531
5134 13 23 560 244
5133 13 26 1639 927
5132 13 6 1987 926
5131 13 29 1511 325
5130 25 19 1753 524
5129 3 3 1563 535
5128 16 6 1907 397
5127 26 29 610 917
5126 26 6 774 314
5125 16 22 1579 619
5124 10 3 547 766
5123 3 13 1210 892
5122 7 7 1524 189
5121 19 13 1875 107
5120 9 22 909 192
5119 19 6 1204 453
5118 3 19 901 980
5117 10 7 1801 301
5116 16 3 1518 1053
5115 20 13 636 446
5114 16 20 816 1079
5113 20 16 1200 991
5112 7 20 1577 1043
5111 19 28 946 1021
5110 19 9 1897 881
5109 3 23 571 632
5108 22 19 1628 332
5107 20 20 418 893
5106 3 19 585 827
5105 6 3 615 970
5104 26 13 1295 104
5103 6 6 631 145
5102 28 22 1166 491
5101 19 26 836 356
5100 3 3 699 786
5099 19 6 1204 453
5098 6 6 564 1017
5097 7 26 634 751
5096 13 13 1710 800
5095 3 3 1563 535
5094 26 22 1165 1100
5093 23 26 1594 1052
5092 16 29 1002 441
5091 16 22 491 581
5090 20 13 848 198
5089 25 28 724 816
5088 7 16 764 617
5087 20 13 636 446
5086 22 10 1233 546
5085 26 22 1065 616
5084 29 20 1160 237
5083 13 10 629 410
5082 29 10 243 775
5081 6 26 1291 1035
5080 26 10 574 593
5079 6 13 1713 686
5078 22 16 1598 841
5077 13 3 455 292
5076 13 23 916 1026
5075 6 22 597 540
5074 19 10 1820 348
5073 22 22 930 324
5072 26 13 1295 104
5071 9 6 1467 681
5070 6 3 1347 609
5069 10 13 347 187
5068 7 3 1607 273
5067 10 6 1765 970
5066 13 20 1925 840
5065 28 9 1185 918
5064 25 6 653 107
5063 10 10 553 631
5062 16 19 1873 697
5061 22 10 1848 196
5060 19 19 1990 106
5059 6 16 647 872
5058 13 6 223 597
5057 9 25 1529 1008
5056 3 13 530 916
5055 19 13 1688 640
5054 3 19 754 984
5053 23 16 868 608
5052 19 22 691 728
5051 19 28 512 778
5050 25 28 1370 535
5049 13 25 550 100
5048 16 29 1739 656
5047 10 26 410 192
5046 3 19 1928 713
5045 3 13 1313 1080
5044 22 3 1492 283
5043 29 13 1014 130
5042 22 22 265 766
5041 16 3 477 194
5040 29 10 1657 287
5039 9 6 748 381
5038 16 3 262 658
5037 16 22 1579 619
5036 20 13 636 446
5035 13 13 1679 146
5034 3 13 1306 202
5033 10 6 542 430
5032 25 13 546 1056
5031 3 10 1475 786
5030 22 25 1227 810
5029 13 22 590 660
5028 3 13 355 737
5027 7 20 1577 1043
5026 22 28 1002 795
5025 25 6 216 182
5024 22 9 1805 279
5023 13 29 719 531
5022 26 7 738 375
5021 23 16 868 608
5020 7 26 1257 632
5019 19 22 1897 986
5018 3 3 575 287
5017 3 13 530 916
5016 23 29 957 387
5015 3 10 579 103
5014 13 25 1026 365
5013 7 10 801 919
5012 25 6 216 182
5011 16 13 707 359
5010 19 16 1489 751
5009 26 20 971 308
5008 25 6 653 107
5007 3 16 753 124
5006 13 6 1475 889
5005 16 3 1518 1053
5004 13 10 738 190
5003 19 13 1688 640
5002 16 16 878 697
5001 22 19 783 277
5000 23 23 881 353
4999 3 13 1313 1080
4998 3 20 1645 316
4997 23 16 1918 1042
4996 6 22 666 504
4995 26 26 1261 1009
4994 3 13 472 300
4993 3 16 753 124
4992 26 29 267 777
4991 6 19 406 430
4990 7 3 1823 958
4989 20 23 204 293
4988 16 6 755 874
4987 29 16 584 203
4986 23 16 1918 1042
4985 7 20 1241 674
4984 22 3 1492 283
4983 26 16 403 402
4982 16 29 1083 521
4981 19 3 1982 619
4980 19 19 1956 207
4979 10 26 1843 187
4978 3 13 355 737
4977 6 10 1572 528
4976 19 22 691 728
4975 13 20 1951 729
4974 13 3 203 818
4973 26 16 1303 358
4972 23 23 1366 481
4971 7 13 1210 414
4970 16 10 396 514
4969 16 3 477 194
4968 25 22 1331 509
4967 3 13 1502 270
4966 22 28 1002 795
4965 3 3 355 869
4964 16 29 1739 656
4963 28 22 1166 491
4962 19 3 522 1009
4961 26 22 1348 605
4960 13 10 738 190
4959 16 3 279 744
4958 10 29 1194 399
4957 26 22 1513 447
4956 13 6 1699 1020
4955 13 29 626 332
4954 19 28 486 840
4953 25 22 1331 509
4952 19 13 1784 152
4951 19 28 486 840
4950 13 6 1062 195
4949 25 6 216 182
4948 19 6 1813 756
4947 22 25 1227 810
4946 29 10 1657 287
4945 19 22 691 728
4944 9 19 775 997
4943 16 13 1718 114
4942 22 13 709 953
4941 29 26 1522 215
4940 7 7 828 643
4939 22 16 644 313
4938 26 26 1790 648
4937 10 26 410 192
4936 19 3 1547 279
4935 25 22 1331 509
4934 20 10 1663 207
4933 20 23 1551 986
4932 22 9 1805 279
4931 22 3 1492 283
4930 10 13 1315 328
4929 6 19 406 430
4928 3 13 685 443
4927 19 25 844 478
4926 13 10 606 592
4925 3 22 1662 201
4924 25 22 861 590
4923 13 29 1255 923
4922 3 16 1391 846
4921 22 10 1848 196
4920 16 3 227 464
4919 20 20 418 893
4918 16 13 1477 513
4917 3 19 952 540
4916 23 29 1232 389
4915 10 19 709 692
4914 26 10 574 593
4913 10 26 1229 237
4912 29 20 1160 237
4911 16 3 836 819
4910 13 3 203 818
4909 22 3 1492 283
4908 10 10 1285 483
4907 16 6 1907 397
4906 9 19 1281 241
4905 10 29 1488 1094
4904 16 13 367 703
4903 13 29 1255 923
4902 26 19 244 1055
4901 3 19 754 984
4900 13 6 1699 1020
4899 10 22 1694 969
4898 26 19 1397 1043
4897 10 29 1065 111
4896 3 23 697 699
4895 16 16 878 697
4894 29 16 584 203
4893 20 3 1785 160
4892 3 13 751 234
4891 7 10 1630 963
4890 20 10 1569 720
4889 25 22 580 176
4888 19 22 1804 622
4887 16 10 1309 888
4886 23 7 936 609
4885 22 13 709 953
4884 13 26 1639 927
4883 29 19 1268 1095
4882 16 23 746 416
4881 7 29 743 826
4880 23 23 881 353
4879 7 16 764 617
4878 6 6 442 900
4877 3 3 355 869
4876 16 29 1142 878
4875 19 13 1537 614
4874 25 16 620 1002
4873 26 22 1165 1100
4872 29 10 1657 287
4871 3 3 1563 535
4870 19 13 1040 651
4869 13 6 580 558
4868 3 13 685 443
4867 7 23 1303 229
4866 16 16 772 229
4865 13 23 560 244
4864 9 22 452 901
4863 10 29 1065 111
4862 16 6 1188 697
4861 29 26 1724 482
4860 19 3 522 1009
4859 3 19 901 980
4858 10 3 547 766
4857 10 6 1765 970
4856 19 16 1012 845
4855 19 25 844 478
4854 16 10 396 514
4853 22 19 470 470
4852 6 29 1800 116
4851 26 26 1261 1009
4850 13 6 223 597
4849 3 3 575 287
4848 19 3 784 755
4847 28 16 827 999
4846 3 19 600 422
4845 16 19 1873 697
4844 23 3 1396 143
4843 26 6 774 314
4842 19 22 1440 777
4841 22 19 470 470
4840 19 16 1351 615
4839 10 10 588 654
4838 26 29 267 777
4837 19 13 1537 614
4836 29 26 1522 215
4835 9 22 909 192
4834 22 28 347 1058
4833 16 3 477 194
4832 22 19 783 277
4831 16 16 1633 195
4830 16 16 1633 195
4829 7 13 1210 414
4828 20 26 1863 104
4827 10 3 547 766
4826 10 19 709 692
4825 23 16 868 608
4824 20 13 636 446
4823 19 9 1897 881
4822 10 7 1801 301
4821 13 6 1699 1020
4820 22 22 930 324
4819 3 7 1565 226
4818 3 16 753 124
4817 7 13 1210 414
4816 13 3 455 292
4815 3 13 685 443
4814 13 6 490 406
4813 22 25 1227 810
4812 7 23 1303 229
4811 22 16 1598 841
4810 19 16 1319 385
4809 3 22 940 937
4808 16 29 533 935
4807 3 16 1796 762
4806 16 3 477 194
4805 25 13 546 1056
4804 13 29 626 332
4803 7 23 1303 229
4802 16 23 746 416
4801 28 6 1953 299
4800 9 6 748 381
4799 6 16 618 1039
4798 26 6 774 314
4797 13 10 738 190
4796 13 16 1894 625
4795 7 20 1880 705
4794 7 20 1880 705
4793 9 6 748 381
4792 3 9 1558 1056
4791 26 19 1397 1043
4790 7 16 764 617
4789 10 23 1205 1088
4788 3 13 1313 1080
4787 16 3 279 744
4786 10 22 1694 969
4785 28 6 1208 309
4784 22 25 914 337
4783 6 29 1859 261
4782 3 13 685 443
4781 22 22 265 766
4780 13 20 1951 729
4779 7 13 898 325
4778 7 26 634 751
4777 13 3 699 1056
4776 7 20 1880 705
4775 25 13 609 1070
4774 29 10 1463 145
4773 26 16 403 402
4772 3 19 754 984
4771 9 19 775 997
4770 7 20 412 756
4769 3 13 1907 307
4768 23 26 1594 1052
4767 20 16 1200 991
4766 3 3 699 786
4765 28 6 1065 121
4764 13 22 590 660
4763 22 28 1717 549
4762 6 26 1291 1035
4761 25 13 1251 384
4760 7 13 1210 414
4759 10 10 553 631
4758 13 10 606 592
4757 25 28 521 989
4756 23 26 1594 1052
4755 9 16 814 281
4754 9 9 1137 1019
4753 16 3 704 1025
4752 3 22 940 937
4751 16 6 1188 697
4750 16 6 1332 642
4749 7 26 634 751
4748 13 16 1785 297
4747 10 26 1843 187
4746 19 16 1489 751
4745 19 3 762 269
4744 6 6 1058 294
4743 25 28 521 989
4742 3 19 600 422
4741 23 7 983 372
4740 20 13 1542 128
4739 10 10 1285 483
4738 3 19 1432 1051
4737 13 9 1857 1017
4736 13 6 1475 889
4735 16 16 527 1100
4734 26 7 618 442
4733 3 13 530 916
4732 7 29 743 826
4731 3 13 1306 202
4730 3 19 1432 1051
4729 7 23 1303 229
4728 19 13 1688 640
4727 29 16 1051 169
4726 3 3 699 786
4725 26 19 244 1055
4724 6 29 1859 261
4723 19 19 1990 106
4722 29 10 243 775
4721 16 29 1694 404
4720 7 7 1524 189
4719 22 13 226 631
4718 22 3 480 1037
4717 19 16 1012 845
4716 3 10 1791 520
4715 19 3 1814 369
4714 19 19 873 118
4713 13 10 606 592
4712 16 6 1188 697
4711 25 22 580 176
4710 26 6 774 314
4709 6 6 779 122
4708 10 26 1229 237
4707 23 16 1936 498
4706 19 3 762 269
4705 19 19 1990 106
4704 3 10 984 463
4703 10 26 1843 187
4702 6 19 1591 138
4701 10 10 1856 576
4700 3 16 753 124
4699 7 7 828 643
4698 26 22 1487 269
4697 16 20 816 1079
4696 7 26 1257 632
4695 7 3 1607 273
4694 25 22 861 590
4693 6 3 1347 609
4692 26 16 1303 358
4691 3 13 685 443
4690 16 16 772 229
4689 16 29 1883 380
4688 13 9 820 552
4687 16 13 654 720
4686 6 6 1058 294
4685 3 13 355 737
4684 6 28 1820 271
4683 25 6 653 107
4682 3 20 1645 316
4681 29 23 1148 789
4680 9 25 849 1008
4679 13 6 580 558
4678 10 26 1843 187
4677 13 10 606 592
4676 19 13 1904 276
4675 29 29 1019 326
4674 16 16 772 229
4673 13 3 699 1056
4672 19 29 1523 353
4671 19 3 784 755
4670 26 26 716 445
4669 25 28 1370 535
4668 19 22 1719 159
4667 6 13 1201 715
4666 23 20 1786 1041
4665 29 29 1019 326
4664 7 23 1303 229
4663 3 16 1456 192
4662 16 23 746 416
4661 3 19 754 984
4660 26 29 610 917
4659 10 29 1065 111
4658 16 16 706 408
4657 6 16 1023 132
4656 10 26 1843 187
4655 3 3 575 287
4654 6 29 834 900
4653 19 22 691 728
4652 29 16 1442 123
4651 16 28 935 528
4650 20 20 418 893
4649 22 25 224 467
4648 10 6 1765 970
4647 16 22 491 581
4646 3 10 1475 786
4645 3 3 1563 535
4644 7 13 898 325
4643 7 10 801 919
4642 3 13 1313 1080
4641 22 3 480 1037
4640 19 25 854 790
4639 3 10 1475 786
4638 23 29 1789 900
4637 29 10 483 1038
4636 26 22 1065 616
4635 22 10 1233 546
4634 3 10 1475 786
4633 6 19 1185 822
4632 16 6 1907 397
4631 13 10 629 410
4630 3 22 1768 195
4629 9 6 1467 681
4628 22 9 1805 279
4627 19 25 844 478
4626 25 6 216 182
4625 16 13 1121 641
4624 6 6 1921 197
4623 9 22 452 901
4622 3 13 472 300
4621 26 26 1170 838
4620 6 16 647 872
4619 13 16 1838 354
4618 19 13 1040 651
4617 26 13 1295 104
4616 25 28 724 816
4615 13 16 1894 625
4614 22 22 318 898
4613 13 16 1785 297
4612 25 25 371 509
4611 6 16 1023 132
4610 29 13 1014 130
4609 13 6 1475 889
4608 3 19 1928 713
4607 23 23 881 353
4606 29 26 719 600
4605 19 16 1489 751
4604 7 10 1672 419
4603 19 19 1437 576
4602 20 23 1236 246
4601 28 16 827 999
4600 7 3 1823 958
4599 3 16 1796 762
4598 25 6 216 182
4597 13 3 203 818
4596 16 19 1193 338
4595 29 23 1148 789
4594 19 6 217 732
4593 29 10 1657 287
4592 23 20 1786 1041
4591 16 29 1083 521
4590 19 26 836 356
4589 7 7 501 800
4588 28 9 1185 918
4587 26 6 1156 1073
4586 29 10 243 775
4585 10 16 1202 634
4584 3 19 600 422
4583 19 25 844 478
4582 20 23 1236 246
4581 16 26 1590 728
4580 16 16 772 229
4579 20 7 894 300
4578 7 3 1607 273
4577 23 29 1232 389
4576 7 13 1210 414
4575 13 6 490 406
4574 23 7 936 609
4573 7 29 598 161
4572 25 19 1889 468
4571 16 10 1081 1064
4570 16 26 1590 728
4569 6 13 1201 715
4568 6 19 486 789
4567 19 9 1059 580
4566 22 13 1897 272
4565 9 6 1467 681
4564 7 3 1607 273
4563 6 6 442 900
4562 13 3 203 818
4561 19 22 735 193
4560 16 3 227 464
4559 16 16 772 229
4558 22 16 644 313
4557 19 6 1813 756
4556 16 28 1821 660
4555 3 19 585 827
4554 23 16 868 608
4553 10 13 414 478
4552 6 3 453 537
4551 19 25 854 790
4550 3 22 1662 201
4549 22 22 626 1048
4548 16 19 234 1001
4547 16 20 816 1079
4546 22 22 930 324
4545 9 13 1442 168
4544 23 26 1913 600
4543 20 10 1569 720
4542 6 19 1185 822
4541 19 19 873 118
4540 10 22 1694 969
4539 7 7 501 800
4538 16 13 367 703
4537 3 22 940 937
4536 16 26 1590 728
4535 28 6 1065 121
4534 20 13 636 446
4533 16 13 1121 641
4532 25 28 1909 396
4531 3 23 571 632
4530 7 10 1672 419
4529 3 20 1645 316
4528 7 7 1524 189
4527 16 3 1518 1053
4526 25 28 1370 535
4525 29 29 969 833
4524 10 26 410 192
4523 6 22 597 540
4522 19 28 213 755
4521 9 19 1281 241
4520 23 20 437 996
4519 28 19 828 888
4518 16 28 875 1094
4517 19 25 854 790
4516 26 22 1348 605
4515 26 6 1627 732
4514 22 16 1598 841
4513 16 6 1188 697
4512 19 3 1547 279
4511 23 29 957 387
4510 13 22 590 660
4509 19 25 305 782
4508 3 19 952 540
4507 26 19 244 1055
4506 3 10 1475 786
4505 26 29 1233 434
4504 26 22 1487 269
4503 13 10 483 694
4502 3 23 571 632
4501 16 6 1188 697
4500 23 26 1913 600
4499 13 25 1026 365
4498 26 22 1165 1100
4497 25 13 609 1070
4496 19 26 836 356
4495 13 25 550 100
4494 19 28 946 1021
4493 22 9 1805 279
4492 26 10 574 593
4491 16 22 491 581
4490 22 9 1805 279
4489 6 6 564 1017
4488 19 3 522 1009
4487 7 16 789 650
4486 29 19 1268 1095
4485 9 25 849 1008
4484 3 16 1105 256
4483 16 19 234 1001
4482 16 29 1083 521
4481 9 25 849 1008
4480 3 16 220 351
4479 22 22 318 898
4478 23 20 1536 804
4477 3 22 1768 195
4476 3 16 1391 846
4475 19 28 486 840
4474 3 13 1889 538
4473 19 28 512 778
4472 16 10 1309 888
4471 22 10 1079 154
4470 23 29 957 387
4469 3 13 1306 202
4468 22 16 1598 841
4467 29 10 1657 287
4466 9 9 427 447
4465 10 6 542 430
4464 23 20 437 996
4463 16 3 704 1025
4462 6 6 631 145
4461 25 22 1331 509
4460 25 28 221 802
4459 19 29 1523 353
4458 16 28 1863 653
4457 23 26 1594 1052
4456 16 3 279 744
4455 23 7 936 609
4454 26 29 1233 434
4453 19 26 309 271
4452 26 16 1296 524
4451 19 29 1523 353
4450 9 16 814 281
4449 13 26 1253 542
4448 13 25 1026 365
4447 29 26 1522 215
4446 25 22 471 448
4445 13 13 1710 800
4444 3 13 1907 307
4443 3 3 715 977
4442 6 29 834 900
4441 13 25 550 100
4440 16 29 533 935
4439 13 10 738 190
4438 13 13 1710 800
4437 3 23 1410 1028
4436 23 20 1786 1041
4435 13 16 1785 297
4434 13 9 820 552
4433 19 28 946 1021
4432 19 26 309 271
4431 13 13 1679 146
4430 6 22 597 540
4429 26 22 1165 1100
4428 6 29 1800 116
4427 13 20 1951 729
4426 16 29 1593 882
4425 23 29 1232 389
4424 13 9 1857 1017
4423 19 6 324 237
4422 3 13 530 916
4421 10 13 414 478
4420 16 13 1718 114
4419 10 29 676 526
4418 16 16 1633 195
4417 13 10 738 190
4416 3 13 472 300
4415 13 25 1467 1058
4414 22 3 480 1037
4413 13 6 490 406
4412 3 20 1645 316
4411 6 6 1445 1014
4410 16 13 671 726
4409 3 13 1889 538
4408 3 16 1391 846
4407 19 3 1814 369
4406 13 10 629 410
4405 19 3 1982 619
4404 16 3 227 464
4403 9 9 1137 1019
4402 7 26 634 751
4401 19 9 1059 580
4400 19 25 844 478
