id volume peso recompensa duração(s)
4399 22 16 1175 863
4398 22 3 338 357
4397 28 19 828 888
4396 20 20 418 893
4395 16 20 816 1079
4394 26 6 1156 1073
4393 16 3 704 1025
4392 3 3 715 977
4391 6 26 1991 318
4390 19 13 1904 276
4389 22 28 1002 795
4388 13 23 916 1026
4387 22 19 470 470
4386 26 20 1645 318
4385 20 3 1785 160
4384 19 10 1820 348
4383 16 29 1083 521
4382 16 29 1083 521
4381 26 19 244 1055
4380 23 29 1232 389
4379 16 28 1821 660
4378 23 20 1536 804
4377 9 16 814 281
4376 19 19 1437 576
4375 26 26 716 445
4374 22 13 709 953
4373 22 22 318 898
4372 13 3 466 937
4371 13 29 719 531
4370 3 13 1313 1080
4369 13 25 1467 1058
4368 3 10 579 103
4367 10 19 709 692
4366 6 10 1572 528
4365 28 9 1185 918
4364 28 6 707 517
4363 7 10 1672 419
4362 10 29 1194 399
4361 3 23 571 632
4360 9 6 748 381
4359 13 25 1467 1058
4358 19 13 1784 152
4357 7 13 898 325
4356 25 28 724 816
4355 7 16 789 650
4354 19 6 217 732
4353 16 19 1873 697
4352 28 6 1953 299
4351 28 16 827 999
4350 13 26 1639 927
4349 29 16 1051 169
4348 19 13 1875 107
4347 3 19 1432 1051
4346 19 3 762 269
4345 25 6 653 107
4344 28 6 707 517
4343 13 10 1614 331
4342 16 3 836 819
4341 19 22 735 193
4340 22 13 293 191
4339 9 19 1281 241
4338 13 6 1062 195
4337 3 16 501 692
4336 19 22 1719 159
4335 29 20 1991 704
4334 22 9 1509 598
4333 10 3 1886 632
4332 3 3 699 786
4331 28 6 1636 436
4330 13 10 629 410
4329 29 16 1442 123
4328 16 16 772 229
4327 26 29 1233 434
4326 22 22 265 766
4325 13 3 466 937
4324 6 13 1713 686
4323 16 23 746 416
4322 3 19 1432 1051
4321 22 3 338 357
4320 10 3 1886 632
4319 29 16 584 203
4318 3 23 697 699
4317 19 3 522 1009
4316 26 16 1296 524
4315 26 29 1233 434
4314 20 13 1054 815
4313 16 23 746 416
4312 26 29 1233 434
4311 19 13 1784 152
4310 19 22 735 193
4309 22 28 1717 549
4308 6 19 1591 138
4307 26 26 716 445
4306 13 20 1951 729
4305 22 25 914 337
4304 29 16 584 203
4303 19 6 217 732
4302 3 13 355 737
4301 3 3 699 786
4300 26 26 1261 1009
4299 29 26 1522 215
4298 20 26 1863 104
4297 29 29 763 971
4296 13 29 1511 325
4295 9 16 814 281
4294 13 3 455 292
4293 10 13 419 950
4292 9 6 1467 681
4291 13 13 1679 146
4290 3 10 1791 520
4289 22 29 1500 828
4288 3 13 1313 1080
4287 19 22 1200 449
4286 16 29 1083 521
4285 6 6 442 900
4284 26 22 1165 1100
4283 20 13 848 198
4282 19 6 1813 756
4281 9 13 211 1039
4280 16 3 279 744
4279 7 3 1607 273
4278 13 6 580 558
4277 9 25 849 1008
4276 10 16 1202 634
4275 16 3 704 1025
4274 28 6 1065 121
4273 3 22 940 937
4272 26 26 1170 838
4271 10 3 1886 632
4270 28 19 828 888
4269 19 22 1804 622
4268 29 13 1014 130
4267 22 29 1448 487
4266 22 28 347 1058
4265 3 20 1434 362
4264 6 6 1058 294
4263 13 22 590 660
4262 3 16 220 351
4261 3 13 1313 1080
4260 23 13 206 128
4259 10 10 1285 483
4258 6 19 406 430
4257 3 16 753 124
4256 19 9 1897 881
4255 28 6 1208 309
4254 6 16 618 1039
4253 19 22 1897 986
4252 13 9 1857 1017
4251 7 20 1241 674
4250 25 13 609 1070
4249 10 22 1694 969
4248 22 10 1848 196
4247 22 16 982 229
4246 29 19 1268 1095
4245 16 26 1789 1077
4244 23 20 1536 804
4243 7 10 801 919
4242 6 19 1185 822
4241 16 26 1590 728
4240 20 23 1551 986
4239 10 3 547 766
4238 6 26 1291 1035
4237 3 13 1502 270
4236 25 19 1889 468
4235 3 13 472 300
4234 22 16 1819 768
4233 7 29 743 826
4232 22 13 293 191
4231 23 20 1536 804
4230 10 3 547 766
4229 10 26 1229 237
4228 22 16 1598 841
4227 29 20 1704 502
4226 16 3 227 464
4225 6 19 486 789
4224 20 23 1325 338
4223 10 22 1694 969
4222 22 13 1897 272
4221 6 26 1143 180
4220 16 29 1883 380
4219 22 3 1492 283
4218 22 16 982 229
4217 6 6 1058 294
4216 6 3 1176 551
4215 19 13 1688 640
4214 16 22 1579 619
4213 16 6 1188 697
4212 13 13 1008 398
4211 3 16 1456 192
4210 6 16 647 872
4209 16 16 1633 195
4208 13 10 1614 331
4207 16 16 706 408
4206 13 13 1008 398
4205 26 7 618 442
4204 22 16 644 313
4203 26 22 1348 605
4202 25 22 861 590
4201 3 9 1558 1056
4200 22 28 1717 549
4199 28 22 1166 491
4198 19 22 1200 449
4197 26 6 1627 732
4196 19 19 1990 106
4195 3 13 751 234
4194 26 22 1513 447
4193 13 16 1785 297
4192 9 9 427 447
4191 20 16 851 446
4190 23 3 1396 143
4189 23 29 957 387
4188 25 6 653 107
4187 16 28 935 528
4186 19 28 486 840
4185 3 22 1662 201
4184 3 10 1475 786
4183 6 19 406 430
4182 25 16 620 1002
4181 26 16 1303 358
4180 20 23 204 293
4179 16 13 654 720
4178 16 10 396 514
4177 13 3 795 302
4176 25 6 647 415
4175 28 25 952 377
4174 7 7 1524 189
4173 19 13 1875 107
4172 16 29 1730 638
4171 16 19 1193 338
4170 10 29 676 526
4169 6 29 1800 116
4168 23 16 1918 1042
4167 6 10 713 921
4166 20 7 894 300
4165 3 3 1563 535
4164 26 26 716 445
4163 3 13 1889 538
4162 3 19 901 980
4161 28 19 828 888
4160 16 29 1730 638
4159 16 16 878 697
4158 26 29 610 917
4157 29 26 719 600
4156 3 3 355 869
4155 13 26 1253 542
4154 29 19 1268 1095
4153 23 20 1536 804
4152 25 6 216 182
4151 6 10 465 900
4150 3 13 685 443
4149 3 23 1410 1028
4148 19 28 486 840
4147 16 13 1718 114
4146 3 13 1907 307
4145 6 6 779 122
4144 19 3 1547 279
4143 20 13 636 446
4142 10 6 1747 577
4141 3 22 940 937
4140 20 23 1325 338
4139 3 16 1796 762
4138 26 6 774 314
4137 19 22 1200 449
4136 13 13 1714 399
4135 7 3 1823 958
4134 7 10 801 919
4133 25 28 724 816
4132 19 10 1820 348
4131 6 13 1201 715
4130 3 10 1475 786
4129 3 20 1645 316
4128 6 16 647 872
4127 7 20 412 756
4126 10 19 1278 267
4125 29 19 1268 1095
4124 9 25 1529 1008
4123 6 19 1185 822
4122 3 13 1313 1080
4121 29 13 1014 130
4120 19 10 1820 348
4119 25 22 1331 509
4118 26 22 1348 605
4117 6 6 631 145
4116 16 10 396 514
4115 16 29 1083 521
4114 26 6 774 314
4113 28 6 1065 121
4112 22 13 667 765
4111 28 16 827 999
4110 20 20 418 893
4109 22 6 683 553
4108 7 29 743 826
4107 25 22 861 590
4106 20 13 848 198
4105 25 28 521 989
4104 23 16 868 608
4103 16 6 1907 397
4102 7 26 1257 632
4101 25 28 724 816
4100 29 16 1442 123
4099 6 28 1820 271
4098 26 19 244 1055
4097 16 29 1694 404
4096 9 22 909 192
4095 23 26 1520 942
4094 19 6 1204 453
4093 22 29 1448 487
4092 6 19 996 631
4091 16 13 707 359
4090 23 26 1913 600
4089 26 26 1790 648
4088 3 13 633 583
4087 13 3 795 302
4086 16 13 654 720
4085 20 10 1663 207
4084 22 25 1227 810
4083 26 22 1513 447
4082 26 26 716 445
4081 19 25 844 478
4080 6 6 1058 294
4079 20 23 1236 246
4078 19 13 884 455
4077 26 22 1513 447
4076 3 16 501 692
4075 29 23 1148 789
4074 10 13 1315 328
4073 22 16 1175 863
4072 16 10 1309 888
4071 19 6 217 732
4070 3 9 1558 1056
4069 13 13 1714 399
4068 13 3 795 302
4067 6 6 1058 294
4066 7 7 828 643
4065 22 10 1848 196
4064 26 26 1790 648
4063 13 26 1073 1066
4062 19 13 1537 614
4061 3 13 1907 307
4060 13 3 699 1056
4059 20 7 894 300
4058 25 28 1521 284
4057 3 23 1410 1028
4056 19 6 324 237
4055 26 29 267 777
4054 16 26 1789 1077
4053 25 13 609 1070
4052 3 19 1432 1051
4051 19 9 1059 580
4050 6 6 1921 197
4049 9 13 211 1039
4048 7 7 501 800
4047 10 26 1843 187
4046 6 19 1591 138
4045 23 23 881 353
4044 26 20 971 308
4043 10 29 1065 111
4042 7 10 1672 419
4041 26 29 1233 434
4040 19 16 1319 385
4039 7 23 907 152
4038 19 25 854 790
4037 7 29 598 161
4036 16 10 1508 454
4035 22 25 914 337
4034 28 22 1166 491
4033 6 29 1859 261
4032 3 16 501 692
4031 10 10 588 654
4030 16 3 836 819
4029 25 6 647 415
4028 13 3 699 1056
4027 19 3 762 269
4026 16 16 527 1100
4025 23 29 957 387
4024 19 13 1904 276
4023 26 6 774 314
4022 16 16 527 1100
4021 22 9 1805 279
4020 26 22 1165 1100
4019 26 20 1645 318
4018 6 10 465 900
4017 6 10 465 900
4016 7 13 734 917
4015 16 10 1508 454
4014 13 29 626 332
4013 3 19 754 984
4012 7 10 801 919
4011 25 19 1753 524
4010 13 25 1026 365
4009 29 23 1148 789
4008 25 22 580 176
4007 13 13 1679 146
4006 22 13 226 631
4005 25 6 653 107
4004 22 3 480 1037
4003 23 26 1520 942
4002 13 6 1475 889
4001 19 16 1967 865
4000 20 13 848 198
3999 26 7 618 442
3998 13 3 795 302
3997 13 26 396 664
3996 7 23 1303 229
3995 7 16 764 617
3994 16 3 262 658
3993 22 29 1448 487
3992 23 16 868 608
3991 13 3 203 818
3990 13 3 455 292
3989 7 7 1524 189
3988 9 16 814 281
3987 3 3 715 977
3986 16 26 1789 1077
3985 6 6 564 1017
3984 16 28 1821 660
3983 22 19 602 291
3982 16 28 1863 653
3981 19 19 873 118
3980 3 16 1105 256
3979 26 16 403 402
3978 26 20 971 308
3977 16 3 262 658
3976 16 19 234 1001
3975 25 16 620 1002
3974 7 3 1823 958
3973 19 13 1784 152
3972 26 29 1233 434
3971 26 22 1487 269
3970 26 22 1513 447
3969 3 13 530 916
3968 7 23 1303 229
3967 28 6 1065 121
3966 10 13 414 478
3965 28 22 1166 491
3964 3 13 751 234
3963 3 23 571 632
3962 6 22 666 504
3961 10 26 1229 237
3960 23 29 1789 900
3959 22 16 644 313
3958 10 6 1765 970
3957 9 6 748 381
3956 16 29 533 935
3955 25 13 609 1070
3954 23 7 983 372
3953 13 25 550 100
3952 3 13 1210 892
3951 16 3 1518 1053
3950 16 29 1883 380
3949 20 23 1551 986
3948 29 16 1369 817
3947 19 22 1200 449
3946 10 6 1765 970
3945 3 13 1907 307
3944 13 23 916 1026
3943 26 26 1790 648
3942 28 6 1636 436
3941 3 16 1391 846
3940 23 23 1366 481
3939 22 13 1897 272
3938 3 3 715 977
3937 3 13 751 234
3936 6 3 453 537
3935 22 25 224 467
3934 23 26 1913 600
3933 19 22 735 193
3932 28 6 1065 121
3931 3 13 1907 307
3930 29 20 1991 704
3929 22 22 626 1048
3928 25 28 724 816
3927 22 13 1897 272
3926 6 16 1023 132
3925 23 20 437 996
3924 22 19 602 291
3923 19 3 784 755
3922 29 16 1369 817
3921 22 6 683 553
3920 22 25 1227 810
3919 6 22 562 614
3918 9 6 1467 681
3917 10 6 1765 970
3916 22 13 1897 272
3915 3 13 1502 270
3914 29 26 1724 482
3913 23 16 868 608
3912 3 10 1791 520
3911 23 26 1594 1052
3910 26 7 738 375
3909 26 22 1165 1100
3908 22 25 1227 810
3907 3 3 715 977
3906 13 13 1008 398
3905 19 22 1440 777
3904 29 16 1369 817
3903 7 10 1672 419
3902 10 13 1315 328
3901 7 20 1241 674
3900 10 6 1747 577
3899 3 20 1434 362
3898 29 16 1369 817
3897 16 10 1309 888
3896 16 3 262 658
3895 25 6 653 107
3894 13 23 560 244
3893 29 26 1522 215
3892 28 16 827 999
3891 25 22 580 176
3890 22 19 287 752
3889 13 10 1614 331
3888 16 6 755 874
3887 13 3 690 686
3886 13 10 629 410
3885 25 13 1251 384
3884 22 29 1500 828
3883 10 29 676 526
3882 23 20 437 996
3881 29 19 1268 1095
3880 19 25 844 478
3879 16 28 935 528
3878 7 10 801 919
3877 13 6 490 406
3876 25 22 580 176
3875 6 3 1176 551
3874 16 6 1188 697
3873 19 6 1204 453
3872 25 22 471 448
3871 16 22 491 581
3870 16 28 1863 653
3869 22 19 287 752
3868 7 20 1241 674
3867 7 26 1166 552
3866 9 13 1442 168
3865 9 6 748 381
3864 10 13 1315 328
3863 3 10 984 463
3862 19 19 1437 576
3861 3 23 1410 1028
3860 3 3 355 869
3859 22 13 709 953
3858 16 3 477 194
3857 3 22 1768 195
3856 9 22 452 901
3855 19 13 1875 107
3854 26 16 1303 358
3853 22 9 1509 598
3852 13 3 795 302
3851 23 26 1594 1052
3850 13 13 1710 800
3849 23 20 1786 1041
3848 13 3 621 723
3847 3 3 715 977
3846 22 13 226 631
3845 16 19 234 1001
3844 25 19 1753 524
3843 7 20 412 756
3842 20 16 851 446
3841 28 19 828 888
3840 26 29 1233 434
3839 3 20 1645 316
3838 7 20 1577 1043
3837 13 13 1008 398
3836 25 25 371 509
3835 10 26 1229 237
3834 3 13 530 916
3833 23 26 1520 942
3832 26 19 1397 1043
3831 26 22 1348 605
3830 3 23 1410 1028
3829 19 22 691 728
3828 7 23 1303 229
3827 16 19 1873 697
3826 7 13 734 917
3825 6 22 794 783
3824 6 19 406 430
3823 13 16 1894 625
3822 23 16 1936 498
3821 16 26 1590 728
3820 19 19 1956 207
3819 6 29 1859 261
3818 13 16 1894 625
3817 19 22 1440 777
3816 22 6 683 553
3815 3 3 1563 535
3814 9 19 1281 241
3813 16 28 935 528
3812 6 6 631 145
3811 19 28 512 778
3810 3 10 1791 520
3809 3 20 1645 316
3808 19 25 1263 748
3807 13 6 1987 926
3806 10 26 1229 237
3805 25 28 521 989
3804 9 16 814 281
3803 10 6 1747 577
3802 16 29 1730 638
3801 29 20 1160 237
3800 22 22 318 898
3799 19 26 836 356
3798 26 13 1295 104
3797 19 6 1204 453
3796 26 29 1233 434
3795 3 23 697 699
3794 16 29 1002 441
3793 10 10 1285 483
3792 13 6 223 597
3791 10 10 1856 576
3790 29 16 1369 817
3789 26 20 1645 318
3788 25 19 1753 524
3787 28 22 1166 491
3786 20 16 1200 991
3785 23 7 983 372
3784 20 10 1569 720
3783 16 13 707 359
3782 13 16 1894 625
3781 7 26 1257 632
3780 29 16 1442 123
3779 13 10 629 410
3778 7 20 1577 1043
3777 19 16 1012 845
3776 19 19 873 118
3775 26 7 738 375
3774 6 6 442 900
3773 29 10 483 1038
3772 29 10 243 775
3771 19 3 1547 279
3770 22 25 1227 810
3769 6 19 1591 138
3768 29 23 1148 789
3767 16 6 1907 397
3766 3 19 754 984
3765 20 10 1569 720
3764 19 19 873 118
3763 28 19 828 888
3762 9 13 211 1039
3761 13 9 820 552
3760 6 22 666 504
3759 6 28 1820 271
3758 26 7 618 442
3757 28 6 1208 309
3756 13 13 1710 800
3755 13 26 1253 542
3754 26 19 1397 1043
3753 19 22 1260 355
3752 13 25 550 100
3751 16 10 1081 1064
3750 3 13 633 583
3749 19 22 1719 159
3748 6 3 1176 551
3747 16 16 287 918
3746 6 3 1347 609
3745 9 13 211 1039
3744 7 13 1210 414
3743 19 22 1440 777
3742 26 10 574 593
3741 7 13 898 325
3740 6 19 996 631
3739 6 28 1820 271
3738 20 16 1200 991
3737 22 3 1565 763
3736 6 19 996 631
3735 22 19 783 277
3734 26 26 1170 838
3733 19 25 854 790
3732 3 13 355 737
3731 10 10 1285 483
3730 7 13 1210 414
3729 16 19 1193 338
3728 19 19 1990 106
3727 16 19 1193 338
3726 26 7 618 442
3725 7 29 598 161
3724 16 16 287 918
3723 23 29 1789 900
3722 6 26 1291 1035
3721 6 3 1347 609
3720 19 6 1204 453
3719 3 13 1889 538
3718 13 25 1026 365
3717 10 13 1315 328
3716 23 13 206 128
3715 7 26 1166 552
3714 3 13 1210 892
3713 29 26 1522 215
3712 13 6 223 597
3711 3 13 530 916
3710 13 26 1639 927
3709 20 10 1569 720
3708 16 3 704 1025
3707 28 19 828 888
3706 3 13 530 916
3705 19 3 1547 279
3704 3 16 753 124
3703 7 16 764 617
3702 25 6 653 107
3701 28 22 330 563
3700 13 6 223 597
3699 26 22 1065 616
3698 19 9 1897 881
3697 19 13 1537 614
3696 29 10 1463 145
3695 7 26 1257 632
3694 3 23 1410 1028
3693 22 16 1175 863
3692 6 3 453 537
3691 3 22 1768 195
3690 16 10 1508 454
3689 19 16 1351 615
3688 7 7 1524 189
3687 16 16 287 918
3686 19 6 324 237
3685 28 25 952 377
3684 13 26 1639 927
3683 6 6 442 900
3682 22 19 287 752
3681 29 26 719 600
3680 16 13 1718 114
3679 22 28 1717 549
3678 7 20 1880 705
3677 20 23 1236 246
3676 26 16 1296 524
3675 6 3 1347 609
3674 3 3 715 977
3673 3 3 575 287
3672 6 19 1591 138
3671 23 3 1396 143
3670 29 10 243 775
3669 20 16 851 446
3668 19 22 735 193
3667 16 28 1821 660
3666 16 6 1332 642
3665 9 22 452 901
3664 26 19 244 1055
3663 16 13 654 720
3662 10 29 1488 1094
3661 13 3 466 937
3660 16 23 746 416
3659 16 16 878 697
3658 9 25 849 1008
3657 6 22 597 540
3656 26 22 1165 1100
3655 3 19 1928 713
3654 16 29 1883 380
3653 6 26 1991 318
3652 13 10 629 410
3651 9 13 1442 168
3650 3 16 220 351
3649 22 19 602 291
3648 26 7 738 375
3647 3 13 685 443
3646 19 6 217 732
3645 13 23 1714 347
3644 16 16 772 229
3643 7 7 828 643
3642 26 26 716 445
3641 16 13 367 703
3640 22 3 480 1037
3639 19 6 324 237
3638 13 13 1714 399
3637 20 13 1054 815
3636 22 3 480 1037
3635 13 13 967 355
3634 13 13 1679 146
3633 19 22 691 728
3632 13 20 1925 840
3631 6 10 465 900
3630 20 16 823 524
3629 28 6 707 517
3628 16 6 1907 397
3627 6 19 1243 977
3626 19 13 1875 107
3625 22 16 644 313
3624 19 28 512 778
3623 23 7 936 609
3622 13 16 1838 354
3621 16 26 1590 728
3620 23 16 1918 1042
3619 25 22 580 176
3618 3 16 501 692
3617 29 10 1657 287
3616 16 3 1518 1053
3615 13 23 560 244
3614 26 29 610 917
3613 3 13 1502 270
3612 29 20 1160 237
3611 16 10 1081 1064
3610 13 13 967 355
3609 19 26 836 356
3608 22 3 1492 283
3607 23 29 1789 900
3606 7 13 898 325
3605 16 29 1593 882
3604 13 3 795 302
3603 19 22 735 193
3602 6 16 618 1039
3601 25 13 546 1056
3600 25 19 1753 524
3599 26 6 1156 1073
3598 20 10 1663 207
3597 6 28 1820 271
3596 26 26 716 445
3595 3 16 1105 256
3594 9 6 1467 681
3593 9 22 452 901
3592 25 19 1889 468
3591 13 26 1073 1066
3590 13 9 820 552
3589 22 25 224 467
3588 16 3 836 819
3587 26 26 496 520
3586 29 26 1724 482
3585 7 26 634 751
3584 22 29 1500 828
3583 28 6 1636 436
3582 13 26 1639 927
3581 20 10 1663 207
3580 16 13 654 720
3579 22 3 1565 763
3578 9 25 1529 1008
3577 3 3 575 287
3576 13 20 1951 729
3575 6 6 1445 1014
3574 19 26 309 271
3573 13 20 1925 840
3572 20 13 1542 128
3571 16 13 1718 114
3570 9 19 775 997
3569 22 16 1598 841
3568 25 13 609 1070
3567 10 3 547 766
3566 26 10 574 593
3565 23 20 437 996
3564 16 29 1730 638
3563 13 20 1925 840
3562 10 3 1886 632
3561 16 16 706 408
3560 3 3 699 786
3559 3 16 220 351
3558 13 13 1714 399
3557 16 16 706 408
3556 3 23 1410 1028
3555 13 26 396 664
3554 26 26 716 445
3553 13 23 1714 347
3552 28 6 1208 309
3551 10 16 1202 634
3550 19 29 1523 353
3549 26 13 1295 104
3548 16 13 1477 513
3547 16 20 816 1079
3546 19 9 1059 580
3545 29 20 1972 641
3544 16 13 707 359
3543 3 19 952 540
3542 7 20 1880 705
3541 3 22 940 937
3540 10 13 419 950
3539 10 29 1488 1094
3538 19 22 691 728
3537 28 22 330 563
3536 19 19 1956 207
3535 29 20 1704 502
3534 29 20 1160 237
3533 28 6 1953 299
3532 10 13 414 478
3531 3 20 1263 905
3530 16 10 396 514
3529 9 19 775 997
3528 23 26 1913 600
3527 26 19 244 1055
3526 13 9 820 552
3525 13 10 738 190
3524 6 26 1991 318
3523 29 20 1991 704
3522 6 22 562 614
3521 16 16 706 408
3520 3 13 633 583
3519 3 19 585 827
3518 25 28 521 989
3517 19 16 1012 845
3516 13 13 1714 399
3515 13 3 455 292
3514 25 28 1370 535
3513 7 20 412 756
3512 29 19 1268 1095
3511 6 3 1347 609
3510 20 23 1551 986
3509 19 22 1260 355
3508 16 22 491 581
3507 13 10 629 410
3506 20 23 1325 338
3505 19 19 1990 106
3504 10 6 542 430
3503 6 29 1859 261
3502 22 19 602 291
3501 3 13 1210 892
3500 7 26 634 751
3499 13 10 1614 331
3498 10 6 1765 970
3497 19 28 512 778
3496 20 13 848 198
3495 6 6 779 122
3494 19 16 1012 845
3493 16 16 772 229
3492 13 3 690 686
3491 25 16 620 1002
3490 28 6 1208 309
3489 23 29 1232 389
3488 25 16 620 1002
3487 20 10 1569 720
3486 19 16 1489 751
3485 3 10 1791 520
3484 20 10 1569 720
3483 3 13 1502 270
3482 13 26 396 664
3481 19 25 1263 748
3480 26 29 610 917
3479 22 3 338 357
3478 22 25 914 337
3477 10 29 676 526
3476 16 22 491 581
3475 19 28 946 1021
3474 9 6 748 381
3473 13 9 1857 1017
3472 26 16 1303 358
3471 23 16 1918 1042
3470 10 13 1315 328
3469 19 13 1784 152
3468 16 13 1477 513
3467 3 20 1645 316
3466 23 26 1913 600
3465 19 22 1719 159
3464 29 10 483 1038
3463 19 16 1489 751
3462 13 6 1987 926
3461 22 29 1500 828
3460 26 29 1233 434
3459 19 3 638 618
3458 26 20 1645 318
3457 19 22 1200 449
3456 23 7 983 372
3455 6 29 834 900
3454 22 9 1509 598
3453 16 26 1789 1077
3452 25 25 371 509
3451 9 6 748 381
3450 13 3 690 686
3449 7 13 734 917
3448 23 7 936 609
3447 16 28 935 528
3446 23 20 1536 804
3445 10 22 1694 969
3444 19 25 305 782
3443 3 19 901 980
3442 10 10 553 631
3441 22 29 1448 487
3440 23 16 868 608
3439 25 28 1521 284
3438 25 25 371 509
3437 28 6 707 517
3436 13 3 699 1056
3435 19 22 1260 355
3434 23 13 206 128
3433 22 28 347 1058
3432 26 29 267 777
3431 3 19 600 422
3430 16 29 1883 380
3429 25 16 1200 591
3428 13 29 1255 923
3427 10 7 1801 301
3426 26 22 1348 605
3425 7 23 907 152
3424 28 16 327 1010
3423 22 22 265 766
3422 22 19 1628 332
3421 16 29 1739 656
3420 26 26 1170 838
3419 10 10 553 631
3418 10 7 1801 301
3417 13 3 690 686
3416 13 22 590 660
3415 13 29 626 332
3414 13 23 560 244
3413 13 26 1253 542
3412 29 26 1522 215
3411 16 13 367 703
3410 19 19 1956 207
3409 26 26 1170 838
3408 7 26 1257 632
3407 22 13 1897 272
3406 3 3 355 869
3405 6 13 1713 686
3404 25 22 580 176
3403 19 16 1351 615
3402 16 13 654 720
3401 23 26 1913 600
3400 3 22 940 937
3399 10 6 1765 970
3398 19 22 1719 159
3397 16 28 1863 653
3396 10 13 1315 328
3395 25 22 471 448
3394 16 3 279 744
3393 6 6 442 900
3392 9 9 1137 1019
3391 3 16 1796 762
3390 10 29 676 526
3389 29 16 1051 169
3388 13 9 1857 1017
3387 3 3 1563 535
3386 28 22 1166 491
3385 16 13 707 359
3384 6 3 1347 609
3383 3 22 940 937
3382 19 16 1319 385
3381 3 7 1565 226
3380 23 29 957 387
3379 7 20 412 756
3378 20 20 418 893
3377 9 9 1137 1019
3376 19 16 1319 385
3375 22 28 1002 795
3374 23 16 1936 498
3373 20 23 1551 986
3372 19 9 1897 881
3371 13 10 483 694
3370 22 3 480 1037
3369 29 20 1991 704
3368 25 13 546 1056
3367 10 7 1801 301
3366 23 13 206 128
3365 26 6 1627 732
3364 26 26 716 445
3363 3 16 753 124
3362 13 10 738 190
3361 19 22 1200 449
3360 22 16 644 313
3359 26 19 244 1055
3358 6 3 1347 609
3357 16 29 533 935
3356 3 10 984 463
3355 26 20 1645 318
3354 20 16 851 446
3353 26 16 1303 358
3352 22 13 667 765
3351 23 26 1594 1052
3350 19 19 1437 576
3349 16 16 287 918
3348 6 6 1921 197
3347 7 23 1303 229
3346 16 6 1188 697
3345 16 29 1730 638
3344 7 16 764 617
3343 3 3 1563 535
3342 13 29 1511 325
3341 20 26 1863 104
3340 7 23 907 152
3339 28 25 952 377
3338 16 10 1508 454
3337 3 16 1796 762
3336 29 10 243 775
3335 7 7 501 800
3334 23 29 1232 389
3333 19 22 1200 449
3332 19 13 1040 651
3331 13 13 1710 800
3330 22 16 1175 863
3329 3 13 1306 202
3328 9 25 849 1008
3327 25 28 1521 284
3326 22 28 1717 549
3325 16 29 533 935
3324 22 13 226 631
3323 3 19 901 980
3322 13 6 1062 195
3321 16 3 477 194
3320 13 6 490 406
3319 16 13 671 726
3318 16 16 706 408
3317 20 7 386 964
3316 26 22 1487 269
3315 20 20 418 893
3314 9 9 427 447
3313 10 29 1488 1094
3312 16 10 1081 1064
3311 22 29 1448 487
3310 10 10 553 631
3309 22 16 1598 841
3308 16 22 491 581
3307 3 16 1391 846
3306 26 29 267 777
3305 29 10 483 1038
3304 9 22 909 192
3303 22 29 1448 487
3302 22 10 1848 196
3301 19 3 1982 619
3300 25 28 1370 535
3299 26 6 774 314
3298 7 10 801 919
3297 16 28 1863 653
3296 28 6 1636 436
3295 23 29 957 387
3294 22 10 1233 546
3293 29 16 584 203
3292 3 16 1796 762
3291 19 13 1040 651
3290 3 16 1456 192
3289 22 13 293 191
3288 20 7 894 300
3287 10 13 419 950
3286 26 22 1165 1100
3285 6 19 996 631
3284 9 16 814 281
3283 20 7 894 300
3282 20 13 1542 128
3281 22 13 293 191
3280 9 22 452 901
3279 3 19 901 980
3278 19 9 1897 881
3277 13 13 1714 399
3276 19 16 1489 751
3275 13 16 1785 297
3274 19 6 1204 453
3273 25 25 371 509
3272 6 3 453 537
3271 3 13 751 234
3270 22 28 1002 795
3269 6 19 1243 977
3268 6 19 1185 822
3267 26 20 1645 318
3266 23 7 983 372
3265 3 22 1662 201
3264 7 10 1630 963
3263 19 19 873 118
3262 6 22 597 540
3261 28 19 1240 826
3260 26 16 1296 524
3259 25 28 1909 396
3258 19 3 638 618
3257 16 16 287 918
3256 25 16 620 1002
3255 16 3 262 658
3254 10 22 1694 969
3253 16 3 836 819
3252 26 22 1628 925
3251 19 19 1956 207
3250 6 3 1176 551
3249 28 16 827 999
3248 9 19 1281 241
3247 6 19 1185 822
3246 16 3 477 194
3245 26 7 618 442
3244 19 16 1319 385
3243 10 10 588 654
3242 13 13 967 355
3241 13 26 1639 927
3240 26 26 1790 648
3239 26 10 574 593
3238 22 19 1628 332
3237 9 19 1281 241
3236 13 3 621 723
3235 6 29 1800 116
3234 6 16 618 1039
3233 6 3 615 970
3232 26 22 1348 605
3231 23 20 1786 1041
3230 3 10 984 463
3229 10 13 414 478
3228 13 13 967 355
3227 3 13 1889 538
3226 13 26 1639 927
3225 3 13 1210 892
3224 26 26 1790 648
3223 6 26 1143 180
3222 26 13 1295 104
3221 3 10 984 463
3220 19 22 1440 777
3219 19 3 784 755
3218 20 23 1551 986
3217 19 16 1967 865
3216 16 28 875 1094
3215 29 10 483 1038
3214 16 29 1739 656
3213 6 6 1058 294
3212 19 3 1814 369
3211 20 10 1663 207
3210 20 16 823 524
3209 16 22 1579 619
3208 3 19 901 980
3207 22 6 683 553
3206 26 26 1170 838
3205 29 16 1051 169
3204 7 26 1166 552
3203 10 13 347 187
3202 25 28 1370 535
3201 23 23 881 353
3200 20 13 1054 815
3199 28 6 1636 436
3198 7 23 907 152
3197 28 6 1208 309
3196 16 16 287 918
3195 20 13 848 198
3194 6 26 1991 318
3193 13 23 916 1026
3192 10 6 542 430
3191 6 10 1572 528
3190 6 6 1058 294
3189 22 22 930 324
3188 19 25 844 478
3187 16 13 1477 513
3186 6 6 1445 1014
3185 20 13 636 446
3184 20 13 636 446
3183 23 29 957 387
3182 16 29 1083 521
3181 6 6 631 145
3180 13 20 1925 840
3179 3 13 1502 270
3178 29 29 763 971
3177 10 10 588 654
3176 16 10 1309 888
3175 13 23 560 244
3174 19 25 305 782
3173 22 13 293 191
3172 26 13 1295 104
3171 13 26 396 664
3170 7 13 898 325
3169 29 20 1991 704
3168 7 7 501 800
3167 26 26 1170 838
3166 26 26 716 445
3165 19 6 1813 756
3164 6 16 618 1039
3163 29 16 1442 123
3162 13 9 1857 1017
3161 22 10 1079 154
3160 22 19 470 470
3159 19 26 836 356
3158 3 19 585 827
3157 13 13 1710 800
3156 16 19 1873 697
3155 19 13 1688 640
3154 22 10 1233 546
3153 19 13 1688 640
3152 9 6 1467 681
3151 20 10 1569 720
3150 19 28 213 755
3149 3 22 1662 201
3148 19 10 1820 348
3147 20 13 1054 815
3146 13 6 580 558
3145 16 3 1518 1053
3144 6 19 1591 138
3143 10 19 709 692
3142 6 16 647 872
3141 6 28 1820 271
3140 13 25 1026 365
3139 13 23 560 244
3138 22 13 226 631
3137 26 26 1790 648
3136 26 26 1170 838
3135 3 22 1662 201
3134 20 7 386 964
3133 16 13 707 359
3132 19 25 844 478
3131 6 16 1023 132
3130 6 26 1291 1035
3129 16 16 878 697
3128 16 28 935 528
3127 16 22 1579 619
3126 19 6 1813 756
3125 23 16 1936 498
3124 29 13 1014 130
3123 19 3 762 269
3122 29 29 1019 326
3121 16 10 1081 1064
3120 26 7 738 375
3119 10 19 709 692
3118 23 29 1789 900
3117 26 22 1628 925
3116 6 13 1713 686
3115 13 10 629 410
3114 6 6 1058 294
3113 10 3 1886 632
3112 25 22 1331 509
3111 13 23 916 1026
3110 29 20 1160 237
3109 3 22 1768 195
3108 6 26 1143 180
3107 7 16 789 650
3106 19 13 1875 107
3105 3 13 751 234
3104 13 25 1467 1058
3103 28 9 1185 918
3102 22 13 667 765
3101 16 13 707 359
3100 13 10 1614 331
3099 9 19 775 997
3098 20 13 1542 128
3097 25 16 1200 591
3096 16 28 875 1094
3095 13 6 223 597
3094 23 13 206 128
3093 19 22 1897 986
3092 3 20 1434 362
3091 3 3 575 287
3090 10 23 1205 1088
3089 28 22 330 563
3088 20 10 1569 720
3087 3 13 1502 270
3086 19 16 1967 865
3085 19 22 1260 355
3084 28 19 1240 826
3083 10 19 1278 267
3082 6 19 486 789
3081 19 3 1814 369
3080 13 13 1710 800
3079 3 16 1105 256
3078 3 10 1791 520
3077 10 23 1205 1088
3076 22 19 783 277
3075 19 16 1489 751
3074 3 13 751 234
3073 26 26 1261 1009
3072 22 9 1805 279
3071 29 29 763 971
3070 9 9 427 447
3069 6 26 1143 180
3068 6 13 1201 715
3067 10 10 1285 483
3066 10 19 1278 267
3065 16 29 1883 380
3064 16 28 935 528
3063 13 23 1714 347
3062 20 16 823 524
3061 22 10 1233 546
3060 10 10 1856 576
3059 19 13 1875 107
3058 9 13 211 1039
3057 6 16 618 1039
3056 16 10 396 514
3055 26 7 618 442
3054 19 13 884 455
3053 19 19 1956 207
3052 13 13 967 355
3051 6 22 562 614
3050 7 23 907 152
3049 26 20 971 308
3048 16 13 1718 114
3047 25 16 1200 591
3046 19 6 1204 453
3045 7 10 801 919
3044 16 13 671 726
3043 25 13 1251 384
3042 19 16 1351 615
3041 16 28 875 1094
3040 19 13 1040 651
3039 16 29 1593 882
3038 25 16 620 1002
3037 10 6 1747 577
3036 10 22 1694 969
3035 23 16 1918 1042
3034 26 22 1628 925
3033 16 16 878 697
3032 22 28 1717 549
3031 13 13 1710 800
3030 10 7 1801 301
3029 6 13 1201 715
3028 25 28 521 989
3027 28 6 1208 309
3026 16 19 1873 697
3025 10 23 1205 1088
3024 13 20 1925 840
3023 19 3 522 1009
3022 19 16 1489 751
3021 16 6 755 874
3020 22 29 1500 828
3019 26 29 267 777
3018 19 3 638 618
3017 3 16 753 124
3016 10 6 1747 577
3015 19 16 1967 865
3014 16 29 1002 441
3013 22 16 1175 863
3012 6 13 1201 715
3011 19 13 1040 651
3010 19 22 1804 622
3009 6 22 597 540
3008 7 16 789 650
3007 29 16 584 203
3006 6 19 486 789
3005 19 6 1813 756
3004 10 3 1641 417
3003 13 22 590 660
3002 10 6 1747 577
3001 9 22 452 901
3000 3 13 1306 202
2999 13 9 1857 1017
2998 29 10 1463 145
2997 13 22 590 660
2996 22 10 1079 154
2995 7 7 828 643
2994 7 20 1880 705
2993 29 26 719 600
2992 28 6 1953 299
2991 3 19 754 984
2990 29 16 1051 169
2989 13 10 1614 331
2988 16 28 1821 660
2987 25 25 371 509
2986 7 10 1672 419
2985 22 16 1819 768
2984 16 19 1193 338
2983 29 26 1724 482
2982 26 6 1156 1073
2981 23 20 1536 804
2980 16 29 1883 380
2979 19 6 324 237
2978 19 16 1012 845
2977 10 13 414 478
2976 13 6 1062 195
2975 3 20 1434 362
2974 7 26 1166 552
2973 22 9 1805 279
2972 16 19 234 1001
2971 13 6 1475 889
2970 3 22 1768 195
2969 22 3 338 357
2968 20 16 1200 991
2967 22 13 709 953
2966 3 19 600 422
2965 16 6 1332 642
2964 25 13 609 1070
2963 13 6 223 597
2962 16 3 836 819
2961 26 22 1065 616
2960 26 22 1513 447
2959 13 13 1679 146
2958 6 6 1058 294
2957 19 9 1897 881
2956 22 16 1175 863
2955 9 9 1137 1019
2954 26 6 774 314
2953 20 13 1542 128
2952 19 3 1547 279
2951 13 3 203 818
2950 6 29 1800 116
2949 22 22 930 324
2948 3 13 1907 307
2947 26 10 574 593
2946 22 22 626 1048
2945 26 26 716 445
2944 3 19 585 827
2943 13 29 1511 325
2942 16 6 755 874
2941 22 19 470 470
2940 26 26 496 520
2939 3 23 1410 1028
2938 13 6 1475 889
2937 22 13 667 765
2936 16 10 1309 888
2935 6 6 442 900
2934 20 13 636 446
2933 10 19 1278 267
2932 10 13 1315 328
2931 3 3 575 287
2930 6 19 1185 822
2929 10 3 547 766
2928 13 25 1467 1058
2927 23 3 1396 143
2926 10 3 1641 417
2925 13 25 550 100
2924 25 16 620 1002
2923 16 6 755 874
2922 13 26 1253 542
2921 20 16 1200 991
2920 23 20 437 996
2919 7 16 764 617
2918 6 19 996 631
2917 10 10 553 631
2916 22 3 480 1037
2915 19 26 836 356
2914 13 6 1987 926
2913 26 7 738 375
2912 3 16 1105 256
2911 6 3 1176 551
2910 22 13 293 191
2909 6 13 1201 715
2908 19 6 324 237
2907 19 28 213 755
2906 6 22 562 614
2905 22 16 982 229
2904 23 26 1520 942
2903 28 22 330 563
2902 20 3 1785 160
2901 10 13 1315 328
2900 7 29 743 826
2899 25 19 1753 524
2898 22 19 470 470
2897 23 23 1382 991
2896 23 26 1594 1052
2895 3 19 1928 713
2894 9 25 1529 1008
2893 19 22 1719 159
2892 19 13 1875 107
2891 13 6 1987 926
2890 13 10 738 190
2889 19 13 1875 107
2888 23 26 1913 600
2887 19 22 1440 777
2886 20 13 1054 815
2885 13 6 1699 1020
2884 10 10 1856 576
2883 13 3 466 937
2882 20 7 386 964
2881 25 28 1521 284
2880 16 13 1477 513
2879 10 19 1278 267
2878 22 13 709 953
2877 3 19 1928 713
2876 6 22 562 614
2875 19 13 1537 614
2874 13 6 580 558
2873 28 6 707 517
2872 16 3 704 1025
2871 19 28 213 755
2870 26 6 1156 1073
2869 10 10 1856 576
2868 29 26 719 600
2867 26 26 496 520
2866 3 19 901 980
2865 16 13 1718 114
2864 22 16 644 313
2863 6 22 597 540
2862 6 29 1859 261
2861 16 19 234 1001
2860 20 7 894 300
2859 19 13 1040 651
2858 22 22 318 898
2857 29 16 1369 817
2856 10 26 1843 187
2855 20 23 1325 338
2854 7 20 1880 705
2853 16 3 279 744
2852 23 26 1520 942
2851 16 13 671 726
2850 19 6 324 237
2849 19 6 1813 756
2848 16 28 1821 660
2847 19 25 854 790
2846 20 23 1551 986
2845 13 9 820 552
2844 23 26 1594 1052
2843 16 3 704 1025
2842 10 26 1229 237
2841 28 6 1065 121
2840 16 19 1873 697
2839 3 19 1432 1051
2838 16 13 1121 641
2837 9 19 775 997
2836 13 26 396 664
2835 19 28 946 1021
2834 3 16 1456 192
2833 26 13 1295 104
2832 3 3 715 977
2831 7 7 828 643
2830 16 16 706 408
2829 10 13 1315 328
2828 22 10 1079 154
2827 29 10 243 775
2826 16 19 234 1001
2825 23 29 957 387
2824 28 9 1185 918
2823 13 20 1925 840
2822 3 16 220 351
2821 6 26 1291 1035
2820 22 22 265 766
2819 10 22 1694 969
2818 16 29 1002 441
2817 7 3 1823 958
2816 19 22 1897 986
2815 16 6 1907 397
2814 26 29 610 917
2813 29 29 1019 326
2812 16 19 1873 697
2811 19 22 1804 622
2810 22 13 293 191
2809 10 26 410 192
2808 19 19 1437 576
2807 22 6 683 553
2806 26 6 1627 732
2805 13 13 1714 399
2804 26 22 1065 616
2803 19 22 735 193
2802 6 3 615 970
2801 13 23 560 244
2800 16 29 1142 878
2799 22 16 1598 841
2798 26 22 1513 447
2797 6 10 465 900
2796 13 3 466 937
2795 20 23 1236 246
2794 13 6 223 597
2793 22 3 480 1037
2792 22 19 470 470
2791 28 6 1953 299
2790 6 16 1023 132
2789 29 26 719 600
2788 28 19 1240 826
2787 3 13 1210 892
2786 3 10 1475 786
2785 7 7 501 800
2784 10 13 347 187
2783 26 22 1628 925
2782 23 26 1520 942
2781 6 19 1591 138
2780 13 16 1838 354
2779 3 3 575 287
2778 9 6 1467 681
2777 16 13 707 359
2776 6 22 794 783
2775 9 13 1442 168
2774 10 29 1065 111
2773 10 6 1765 970
2772 20 13 1542 128
2771 6 13 1201 715
2770 28 16 327 1010
2769 7 13 734 917
2768 25 28 724 816
2767 7 13 898 325
2766 6 16 647 872
2765 25 19 1889 468
2764 13 23 560 244
2763 19 19 1437 576
2762 6 6 631 145
2761 3 13 633 583
2760 23 23 881 353
2759 16 6 1907 397
2758 13 13 967 355
2757 3 13 1313 1080
2756 29 22 561 236
2755 22 16 1598 841
2754 7 26 634 751
2753 6 22 794 783
2752 9 13 211 1039
2751 6 10 465 900
2750 16 13 1477 513
2749 26 16 403 402
2748 25 22 471 448
2747 16 16 772 229
2746 19 19 873 118
2745 6 19 1243 977
2744 19 22 1200 449
2743 16 6 755 874
2742 29 29 763 971
2741 29 26 1522 215
2740 16 3 704 1025
2739 22 16 1819 768
2738 22 10 1079 154
2737 28 22 1166 491
2736 16 6 1907 397
2735 29 10 483 1038
2734 29 29 1019 326
2733 7 13 898 325
2732 3 19 952 540
2731 23 29 1232 389
2730 16 29 1883 380
2729 6 6 1445 1014
2728 13 16 1838 354
2727 26 6 1156 1073
2726 25 22 1331 509
2725 3 13 530 916
2724 7 16 789 650
2723 23 29 1789 900
2722 16 13 1121 641
2721 7 3 1823 958
2720 23 20 1786 1041
2719 22 3 480 1037
2718 6 19 1591 138
2717 16 13 1121 641
2716 13 3 466 937
2715 19 13 1784 152
2714 13 3 690 686
2713 7 7 501 800
2712 22 28 1717 549
2711 19 16 1489 751
2710 10 26 1843 187
2709 16 22 1579 619
2708 28 16 327 1010
2707 16 29 533 935
2706 16 13 707 359
2705 10 3 1886 632
2704 19 26 309 271
2703 13 10 738 190
2702 3 19 1928 713
2701 9 22 909 192
2700 13 10 483 694
2699 13 6 580 558
2698 13 29 719 531
2697 20 23 204 293
2696 23 26 1913 600
2695 7 7 1524 189
2694 16 29 1883 380
2693 28 22 330 563
2692 9 22 909 192
2691 23 26 1520 942
2690 19 6 1108 1031
2689 6 29 834 900
2688 26 29 267 777
2687 13 20 1925 840
2686 10 10 553 631
2685 22 19 1628 332
2684 13 25 550 100
2683 29 20 1704 502
2682 13 13 1008 398
2681 10 3 547 766
2680 20 13 1054 815
2679 26 29 610 917
2678 26 16 403 402
2677 7 16 764 617
2676 10 10 1285 483
2675 29 16 1442 123
2674 26 29 267 777
2673 10 10 1285 483
2672 13 10 738 190
2671 22 19 470 470
2670 29 20 1704 502
2669 16 10 1081 1064
2668 23 20 437 996
2667 6 26 1291 1035
2666 6 6 1921 197
2665 13 6 1062 195
2664 26 26 1170 838
2663 23 23 1366 481
2662 16 10 1309 888
2661 13 20 1925 840
2660 23 3 1396 143
2659 25 6 653 107
2658 25 6 216 182
2657 19 16 1351 615
2656 10 29 1488 1094
2655 20 7 894 300
2654 13 6 580 558
2653 19 25 1263 748
2652 3 13 472 300
2651 10 29 1065 111
2650 29 10 483 1038
2649 3 20 1645 316
2648 13 3 203 818
2647 23 7 983 372
2646 29 20 1704 502
2645 9 22 452 901
2644 10 19 1278 267
2643 23 3 1396 143
2642 13 3 699 1056
2641 26 7 738 375
2640 16 29 1883 380
2639 16 29 1083 521
2638 29 10 1463 145
2637 6 6 779 122
2636 16 13 1477 513
2635 25 28 221 802
2634 3 13 751 234
2633 7 23 1303 229
2632 6 10 1572 528
2631 23 16 1918 1042
2630 13 3 690 686
2629 26 7 618 442
2628 3 16 1105 256
2627 22 13 226 631
2626 25 28 724 816
2625 23 23 1382 991
2624 6 22 597 540
2623 10 6 1765 970
2622 28 6 707 517
2621 6 6 1445 1014
2620 19 9 1059 580
2619 3 13 1889 538
2618 19 3 1547 279
2617 26 13 1295 104
2616 19 29 1523 353
2615 10 19 1278 267
2614 16 10 1508 454
2613 25 6 216 182
2612 13 16 1785 297
2611 23 26 1520 942
2610 13 13 967 355
2609 29 13 1014 130
2608 19 13 1875 107
2607 13 23 916 1026
2606 13 26 1639 927
2605 22 29 1500 828
2604 10 29 676 526
2603 29 26 1522 215
2602 6 19 1243 977
2601 13 6 490 406
2600 23 20 1786 1041
2599 20 26 1863 104
2598 28 19 828 888
2597 26 26 496 520
2596 3 3 575 287
2595 13 3 690 686
2594 13 9 820 552
2593 23 20 1536 804
2592 23 26 1520 942
2591 3 13 1907 307
2590 16 3 477 194
2589 6 13 1713 686
2588 6 6 1921 197
2587 19 6 217 732
2586 22 16 1175 863
2585 19 13 1784 152
2584 19 3 522 1009
2583 16 3 1518 1053
2582 22 9 1509 598
2581 23 23 1382 991
2580 19 26 836 356
2579 6 6 442 900
2578 6 3 453 537
2577 7 7 1524 189
2576 3 10 1475 786
2575 16 3 279 744
2574 26 22 1628 925
2573 20 7 386 964
2572 19 3 762 269
2571 23 23 1366 481
2570 6 26 1291 1035
2569 22 13 1897 272
2568 25 22 471 448
2567 19 6 324 237
2566 16 28 1863 653
2565 19 3 1814 369
2564 7 13 898 325
2563 10 6 1765 970
2562 26 20 1645 318
2561 22 28 1717 549
2560 6 10 465 900
2559 16 16 772 229
2558 3 19 901 980
2557 3 13 355 737
2556 10 10 1856 576
2555 16 10 1309 888
2554 10 29 1488 1094
2553 23 20 1536 804
2552 29 20 1972 641
2551 28 6 1208 309
2550 13 26 396 664
2549 19 28 512 778
2548 13 25 1467 1058
2547 19 19 1990 106
2546 26 26 1261 1009
2545 23 23 881 353
2544 23 26 1913 600
2543 22 3 1492 283
2542 3 16 753 124
2541 10 6 542 430
2540 22 19 287 752
2539 19 6 1108 1031
2538 3 19 600 422
2537 7 10 1630 963
2536 3 20 1434 362
2535 19 13 1904 276
2534 22 19 287 752
2533 13 29 719 531
2532 29 20 1991 704
2531 16 10 1309 888
2530 16 13 367 703
2529 28 19 1240 826
2528 19 25 305 782
2527 16 6 755 874
2526 19 3 1547 279
2525 19 3 522 1009
2524 22 13 226 631
2523 16 19 1873 697
2522 25 6 647 415
2521 19 16 1351 615
2520 16 29 1694 404
2519 7 29 743 826
2518 10 16 1202 634
2517 20 7 386 964
2516 13 13 967 355
2515 26 22 1165 1100
2514 26 26 496 520
2513 26 22 1487 269
2512 16 19 234 1001
2511 13 25 1467 1058
2510 10 6 542 430
2509 13 6 1699 1020
2508 3 13 1210 892
2507 7 10 1630 963
2506 7 3 1607 273
2505 22 22 318 898
2504 6 6 779 122
2503 29 10 1463 145
2502 13 3 203 818
2501 16 6 755 874
2500 22 13 293 191
2499 29 16 1369 817
2498 10 3 1641 417
2497 16 20 816 1079
2496 22 29 1448 487
2495 22 3 1492 283
2494 6 19 1243 977
2493 16 22 1579 619
2492 26 29 267 777
2491 25 22 861 590
2490 19 16 1319 385
2489 22 29 1448 487
2488 16 16 772 229
2487 26 19 244 1055
2486 10 19 1278 267
2485 22 3 480 1037
2484 13 25 1467 1058
2483 6 6 1445 1014
2482 6 3 453 537
2481 22 22 626 1048
2480 6 10 713 921
2479 20 13 636 446
2478 29 10 1657 287
2477 10 29 1194 399
2476 10 6 1747 577
2475 19 22 1897 986
2474 29 22 561 236
2473 13 6 1475 889
2472 26 22 1065 616
2471 19 16 1319 385
2470 3 13 1889 538
2469 16 29 1739 656
2468 20 3 1785 160
2467 23 20 1536 804
2466 23 16 868 608
2465 26 22 1165 1100
2464 28 16 327 1010
2463 9 22 452 901
2462 9 19 1281 241
2461 7 23 907 152
2460 13 6 1062 195
2459 3 10 579 103
2458 28 6 1636 436
2457 3 9 1558 1056
2456 16 29 1593 882
2455 13 6 223 597
2454 7 20 1880 705
2453 16 10 1081 1064
2452 29 29 969 833
2451 7 26 1166 552
2450 20 10 1569 720
2449 25 6 647 415
2448 3 16 753 124
2447 3 20 1263 905
2446 19 3 1982 619
2445 6 29 834 900
2444 29 20 1704 502
2443 25 22 861 590
2442 25 13 546 1056
2441 19 22 1719 159
2440 16 3 262 658
2439 16 10 1508 454
2438 19 9 1059 580
2437 10 26 410 192
2436 26 26 1790 648
2435 29 10 483 1038
2434 19 22 691 728
2433 9 25 1529 1008
2432 13 25 550 100
2431 13 29 626 332
2430 22 6 683 553
2429 7 7 501 800
2428 19 13 1537 614
2427 23 16 868 608
2426 16 3 836 819
2425 28 19 1240 826
2424 13 16 1838 354
2423 3 3 699 786
2422 6 3 1176 551
2421 29 22 561 236
2420 16 29 1739 656
2419 22 19 470 470
2418 16 26 1789 1077
2417 25 28 1370 535
2416 16 26 1590 728
2415 19 28 946 1021
2414 9 6 748 381
2413 16 16 287 918
2412 16 10 1081 1064
2411 26 7 738 375
2410 3 13 472 300
2409 3 10 1791 520
2408 13 16 1894 625
2407 22 29 1448 487
2406 22 25 224 467
2405 22 19 470 470
2404 13 23 1714 347
2403 7 13 1210 414
2402 7 16 764 617
2401 7 20 1880 705
2400 26 13 1295 104
