id volume peso recompensa duração(s)
9399 22 28 1002 795
9398 9 22 909 192
9397 6 26 1991 318
9396 29 19 1268 1095
9395 26 22 1348 605
9394 23 29 1789 900
9393 6 19 996 631
9392 13 22 590 660
9391 3 19 1432 1051
9390 16 20 816 1079
9389 9 25 1529 1008
9388 29 10 1657 287
9387 28 16 327 1010
9386 3 16 1456 192
9385 26 26 1170 838
9384 3 19 952 540
9383 3 20 1263 905
9382 3 19 1928 713
9381 19 13 1537 614
9380 22 3 1565 763
9379 19 22 1804 622
9378 10 3 547 766
9377 13 23 916 1026
9376 26 6 1627 732
9375 10 6 542 430
9374 7 13 734 917
9373 22 3 338 357
9372 6 29 834 900
9371 19 13 1040 651
9370 6 16 618 1039
9369 6 26 1291 1035
9368 3 20 1263 905
9367 22 3 1492 283
9366 9 13 1442 168
9365 10 29 1194 399
9364 29 26 1724 482
9363 13 16 1838 354
9362 16 28 1821 660
9361 16 29 1083 521
9360 6 16 647 872
9359 23 20 1786 1041
9358 25 6 653 107
9357 25 6 216 182
9356 13 22 590 660
9355 22 16 1819 768
9354 22 10 1848 196
9353 19 25 854 790
9352 23 20 1786 1041
9351 26 22 1348 605
9350 29 22 561 236
9349 10 6 1765 970
9348 28 22 330 563
9347 22 29 1448 487
9346 29 10 483 1038
9345 19 13 884 455
9344 29 29 1019 326
9343 29 10 1657 287
9342 6 19 1243 977
9341 25 22 1331 509
9340 19 3 784 755
9339 6 29 1800 116
9338 16 16 1633 195
9337 19 6 217 732
9336 19 26 309 271
9335 25 28 221 802
9334 22 16 1819 768
9333 16 19 234 1001
9332 22 29 1448 487
9331 29 22 561 236
9330 25 28 221 802
9329 25 22 861 590
9328 16 29 1593 882
9327 3 19 1928 713
9326 6 13 1713 686
9325 6 29 834 900
9324 13 26 1253 542
9323 23 23 1382 991
9322 16 10 1081 1064
9321 10 3 1641 417
9320 25 13 609 1070
9319 9 25 849 1008
9318 22 16 982 229
9317 9 19 775 997
9316 16 19 1873 697
9315 26 7 738 375
9314 16 22 491 581
9313 23 26 1594 1052
9312 9 25 849 1008
9311 16 28 935 528
9310 19 25 1263 748
9309 10 6 542 430
9308 20 13 848 198
9307 19 16 1319 385
9306 6 22 794 783
9305 28 6 1636 436
9304 28 22 1166 491
9303 22 6 683 553
9302 19 9 1897 881
9301 10 13 419 950
9300 3 3 1563 535
9299 25 13 546 1056
9298 26 16 1303 358
9297 22 13 1897 272
9296 29 20 1972 641
9295 16 19 1193 338
9294 20 26 1863 104
9293 13 10 483 694
9292 19 6 1813 756
9291 23 23 1366 481
9290 13 25 1026 365
9289 7 3 1607 273
9288 10 29 1488 1094
9287 10 6 1747 577
9286 19 26 309 271
9285 19 16 1351 615
9284 28 6 1208 309
9283 26 16 403 402
9282 9 19 775 997
9281 19 13 1904 276
9280 20 16 851 446
9279 23 23 1366 481
9278 3 19 1432 1051
9277 7 20 1241 674
9276 20 23 1325 338
9275 16 13 1121 641
9274 19 28 512 778
9273 25 28 521 989
9272 26 19 244 1055
9271 25 16 620 1002
9270 10 6 542 430
9269 25 28 1521 284
9268 29 22 561 236
9267 19 6 1108 1031
9266 6 10 1572 528
9265 19 28 486 840
9264 13 10 629 410
9263 22 28 1002 795
9262 26 26 1261 1009
9261 16 16 527 1100
9260 16 3 279 744
9259 10 13 1315 328
9258 3 22 940 937
9257 19 25 844 478
9256 19 13 1904 276
9255 19 13 884 455
9254 28 19 1240 826
9253 13 3 466 937
9252 6 13 1201 715
9251 25 22 1331 509
9250 10 23 1205 1088
9249 25 28 1909 396
9248 16 6 1332 642
9247 22 16 1819 768
9246 26 19 1397 1043
9245 3 13 530 916
9244 16 16 706 408
9243 26 16 1296 524
9242 16 6 1907 397
9241 19 22 1897 986
9240 6 19 486 789
9239 6 3 1176 551
9238 16 13 654 720
9237 13 10 1614 331
9236 16 13 707 359
9235 25 6 653 107
9234 19 22 1804 622
9233 22 25 224 467
9232 3 16 1105 256
9231 7 20 1577 1043
9230 6 6 442 900
9229 6 29 834 900
9228 26 22 1628 925
9227 16 16 1633 195
9226 22 3 1565 763
9225 22 16 982 229
9224 28 16 827 999
9223 3 20 1434 362
9222 16 13 671 726
9221 3 23 1410 1028
9220 13 3 455 292
9219 16 26 1789 1077
9218 6 16 618 1039
9217 13 3 466 937
9216 20 16 851 446
9215 3 16 753 124
9214 26 10 574 593
9213 22 13 667 765
9212 16 23 746 416
9211 7 3 1607 273
9210 19 6 1204 453
9209 13 10 1614 331
9208 13 22 590 660
9207 3 22 1662 201
9206 6 22 666 504
9205 6 10 1572 528
9204 3 13 1502 270
9203 16 29 1142 878
9202 19 6 1108 1031
9201 25 19 1889 468
9200 10 13 1315 328
9199 23 23 1366 481
9198 10 26 1843 187
9197 16 6 1188 697
9196 3 20 1434 362
9195 3 13 1502 270
9194 16 29 1694 404
9193 6 10 713 921
9192 26 22 1513 447
9191 10 29 1488 1094
9190 3 19 585 827
9189 10 29 676 526
9188 3 16 501 692
9187 3 20 1434 362
9186 19 16 1319 385
9185 10 10 1856 576
9184 6 3 615 970
9183 26 10 574 593
9182 23 16 868 608
9181 22 22 265 766
9180 13 6 1987 926
9179 19 3 1982 619
9178 3 19 585 827
9177 7 26 1166 552
9176 20 16 1200 991
9175 19 22 1804 622
9174 29 20 1972 641
9173 26 16 1303 358
9172 10 10 588 654
9171 13 26 1253 542
9170 25 13 609 1070
9169 20 23 204 293
9168 16 29 1142 878
9167 26 20 971 308
9166 19 16 1967 865
9165 6 29 1859 261
9164 28 19 828 888
9163 6 6 1058 294
9162 16 29 1002 441
9161 7 20 1577 1043
9160 13 6 490 406
9159 10 13 1315 328
9158 3 7 1565 226
9157 16 16 772 229
9156 20 10 1663 207
9155 16 6 1907 397
9154 16 28 875 1094
9153 22 22 318 898
9152 19 25 305 782
9151 6 19 486 789
9150 22 29 1500 828
9149 19 22 735 193
9148 13 6 1062 195
9147 29 16 1442 123
9146 10 29 676 526
9145 6 10 465 900
9144 6 16 647 872
9143 29 26 719 600
9142 10 6 1747 577
9141 16 16 706 408
9140 26 16 1303 358
9139 16 13 367 703
9138 7 29 598 161
9137 3 20 1645 316
9136 3 9 1558 1056
9135 3 22 1768 195
9134 19 22 1200 449
9133 20 23 1236 246
9132 19 13 1688 640
9131 16 13 654 720
9130 6 19 996 631
9129 13 10 606 592
9128 19 16 1967 865
9127 10 13 1315 328
9126 25 28 1909 396
9125 3 23 571 632
9124 29 13 1014 130
9123 23 23 1382 991
9122 23 26 1520 942
9121 26 16 1296 524
9120 6 22 562 614
9119 13 26 1073 1066
9118 6 26 1991 318
9117 3 13 472 300
9116 16 13 367 703
9115 10 10 588 654
9114 19 6 1813 756
9113 16 28 875 1094
9112 13 3 621 723
9111 13 9 820 552
9110 16 29 1883 380
9109 29 26 1724 482
9108 16 3 262 658
9107 23 13 206 128
9106 19 19 873 118
9105 19 16 1319 385
9104 16 13 1121 641
9103 6 13 1201 715
9102 10 13 419 950
9101 3 3 699 786
9100 3 10 1791 520
9099 23 7 983 372
9098 3 13 355 737
9097 26 22 1487 269
9096 22 28 1002 795
9095 16 29 1694 404
9094 29 29 969 833
9093 20 7 386 964
9092 6 22 597 540
9091 29 19 1268 1095
9090 22 9 1805 279
9089 6 10 1572 528
9088 16 6 1907 397
9087 16 6 1907 397
9086 3 16 1456 192
9085 13 16 1785 297
9084 3 19 1432 1051
9083 7 10 801 919
9082 10 29 1194 399
9081 29 20 1704 502
9080 10 10 588 654
9079 22 13 667 765
9078 6 13 1201 715
9077 25 6 647 415
9076 10 29 1194 399
9075 7 7 501 800
9074 22 16 644 313
9073 10 3 1886 632
9072 28 25 952 377
9071 3 19 952 540
9070 29 20 1160 237
9069 3 13 1907 307
9068 22 19 1628 332
9067 20 13 636 446
9066 9 9 1137 1019
9065 13 13 1714 399
9064 23 13 206 128
9063 13 20 1925 840
9062 6 10 465 900
9061 22 25 224 467
9060 10 19 709 692
9059 16 6 1188 697
9058 29 22 561 236
9057 26 10 574 593
9056 16 26 1590 728
9055 29 23 1148 789
9054 16 29 533 935
9053 6 3 1347 609
9052 19 9 1059 580
9051 9 13 211 1039
9050 26 6 1156 1073
9049 28 6 1208 309
9048 29 10 243 775
9047 19 16 1351 615
9046 22 3 480 1037
9045 10 3 1641 417
9044 29 10 483 1038
9043 16 23 746 416
9042 19 26 309 271
9041 13 3 690 686
9040 26 20 1645 318
9039 13 6 1987 926
9038 6 22 562 614
9037 28 22 330 563
9036 20 13 848 198
9035 13 29 626 332
9034 25 22 471 448
9033 22 10 1233 546
9032 3 16 1391 846
9031 13 6 1062 195
9030 13 29 1255 923
9029 6 10 1572 528
9028 19 6 1204 453
9027 20 23 1551 986
9026 22 22 930 324
9025 9 25 849 1008
9024 22 22 626 1048
9023 29 13 1014 130
9022 6 10 713 921
9021 20 20 418 893
9020 3 13 685 443
9019 22 3 1565 763
9018 7 7 1524 189
9017 6 28 1820 271
9016 7 20 1880 705
9015 29 16 584 203
9014 22 16 644 313
9013 13 6 1699 1020
9012 20 23 1325 338
9011 3 13 1889 538
9010 22 19 602 291
9009 20 13 848 198
9008 13 23 1714 347
9007 22 10 1079 154
9006 9 19 1281 241
9005 23 7 983 372
9004 19 22 1260 355
9003 16 16 1633 195
9002 19 29 1523 353
9001 25 19 1753 524
9000 3 13 355 737
8999 19 3 784 755
8998 3 3 715 977
8997 28 19 828 888
8996 22 13 709 953
8995 26 16 1303 358
8994 13 9 820 552
8993 26 26 496 520
8992 9 9 1137 1019
8991 3 16 1796 762
8990 19 13 1537 614
8989 28 22 330 563
8988 10 10 1285 483
8987 22 22 930 324
8986 3 22 1768 195
8985 16 23 746 416
8984 3 13 1210 892
8983 25 28 1909 396
8982 13 23 560 244
8981 16 29 533 935
8980 13 13 1710 800
8979 25 22 861 590
8978 3 16 1456 192
8977 16 29 1883 380
8976 6 19 1591 138
8975 29 26 1522 215
8974 16 10 396 514
8973 19 13 884 455
8972 26 29 267 777
8971 25 28 1909 396
8970 6 19 1185 822
8969 19 19 1437 576
8968 16 13 671 726
8967 3 3 575 287
8966 13 6 1699 1020
8965 20 23 1236 246
8964 28 6 1953 299
8963 6 6 442 900
8962 3 7 1565 226
8961 13 20 1951 729
8960 16 13 1121 641
8959 26 22 1487 269
8958 6 19 486 789
8957 20 16 851 446
8956 22 25 914 337
8955 7 10 801 919
8954 10 29 676 526
8953 20 7 894 300
8952 6 3 1347 609
8951 13 26 1639 927
8950 13 6 1699 1020
8949 9 22 909 192
8948 3 10 1791 520
8947 7 29 743 826
8946 13 10 606 592
8945 6 6 1445 1014
8944 20 16 1200 991
8943 16 29 1083 521
8942 28 9 1185 918
8941 16 13 654 720
8940 16 6 1332 642
8939 13 3 203 818
8938 26 7 738 375
8937 16 29 1730 638
8936 13 26 1253 542
8935 22 28 347 1058
8934 7 26 1166 552
8933 7 13 1210 414
8932 23 23 1366 481
8931 13 29 719 531
8930 19 28 512 778
8929 22 28 347 1058
8928 13 3 690 686
8927 16 6 1907 397
8926 19 3 762 269
8925 19 28 512 778
8924 26 29 267 777
8923 10 6 1747 577
8922 22 13 667 765
8921 26 22 1628 925
8920 25 6 653 107
8919 16 29 1730 638
8918 3 13 751 234
8917 29 16 1442 123
8916 19 28 486 840
8915 19 13 1904 276
8914 3 22 1768 195
8913 26 22 1513 447
8912 26 22 1628 925
8911 13 26 1253 542
8910 29 13 1014 130
8909 19 22 1440 777
8908 7 26 634 751
8907 6 10 465 900
8906 28 22 1166 491
8905 7 13 734 917
8904 13 3 203 818
8903 19 13 1904 276
8902 23 29 1789 900
8901 22 3 338 357
8900 7 10 1630 963
8899 20 13 1054 815
8898 16 16 287 918
8897 19 22 1260 355
8896 3 19 1928 713
8895 22 25 1227 810
8894 28 9 1185 918
8893 7 10 801 919
8892 6 10 713 921
8891 3 13 1889 538
8890 20 20 418 893
8889 10 29 1488 1094
8888 16 6 1332 642
8887 22 16 644 313
8886 16 26 1789 1077
8885 19 29 1523 353
8884 10 3 1641 417
8883 3 20 1263 905
8882 3 3 355 869
8881 10 29 1065 111
8880 19 13 1904 276
8879 10 13 347 187
8878 16 3 1518 1053
8877 29 16 584 203
8876 3 19 585 827
8875 16 28 875 1094
8874 16 26 1789 1077
8873 3 3 1563 535
8872 13 25 1467 1058
8871 13 26 396 664
8870 6 28 1820 271
8869 3 16 1796 762
8868 23 7 936 609
8867 22 16 1819 768
8866 25 28 1521 284
8865 3 13 472 300
8864 6 19 1243 977
8863 7 7 828 643
8862 10 19 709 692
8861 3 13 1907 307
8860 10 26 1843 187
8859 25 19 1753 524
8858 26 6 1156 1073
8857 19 13 1537 614
8856 3 16 1105 256
8855 29 16 1442 123
8854 22 25 914 337
8853 22 19 783 277
8852 6 29 834 900
8851 23 16 1918 1042
8850 16 6 1332 642
8849 25 28 724 816
8848 3 19 901 980
8847 16 22 1579 619
8846 26 22 1628 925
8845 29 22 561 236
8844 29 22 561 236
8843 7 23 907 152
8842 19 28 486 840
8841 20 16 851 446
8840 6 19 1591 138
8839 25 19 1753 524
8838 28 9 1185 918
8837 23 23 1366 481
8836 6 6 631 145
8835 13 16 1785 297
8834 3 3 575 287
8833 16 29 1593 882
8832 13 13 1714 399
8831 29 16 1442 123
8830 19 28 486 840
8829 25 13 609 1070
8828 25 28 1370 535
8827 19 13 884 455
8826 16 19 1193 338
8825 23 29 957 387
8824 25 22 580 176
8823 25 13 1251 384
8822 28 19 1240 826
8821 22 19 783 277
8820 19 28 946 1021
8819 22 25 914 337
8818 7 3 1823 958
8817 26 20 971 308
8816 26 26 1790 648
8815 22 19 287 752
8814 29 16 584 203
8813 19 3 784 755
8812 10 29 1065 111
8811 13 16 1894 625
8810 28 6 1208 309
8809 29 13 1014 130
8808 22 10 1079 154
8807 6 19 406 430
8806 29 26 1724 482
8805 19 29 1523 353
8804 25 6 647 415
8803 13 13 1714 399
8802 20 23 1325 338
8801 26 22 1348 605
8800 13 3 690 686
8799 26 29 267 777
8798 16 29 1694 404
8797 6 22 794 783
8796 29 20 1704 502
8795 16 16 772 229
8794 6 6 779 122
8793 25 28 1909 396
8792 3 13 1907 307
8791 22 19 602 291
8790 10 16 1202 634
8789 23 20 1786 1041
8788 19 3 1547 279
8787 23 16 1918 1042
8786 20 7 894 300
8785 28 22 330 563
8784 22 22 930 324
8783 6 22 562 614
8782 20 3 1785 160
8781 13 20 1951 729
8780 25 6 647 415
8779 26 7 738 375
8778 13 6 490 406
8777 19 3 762 269
8776 25 28 1521 284
8775 13 10 483 694
8774 22 22 318 898
8773 26 16 1296 524
8772 13 23 1714 347
8771 16 29 1730 638
8770 16 19 1193 338
8769 6 16 618 1039
8768 7 20 1577 1043
8767 10 19 1278 267
8766 26 6 1156 1073
8765 6 19 1185 822
8764 29 19 1268 1095
8763 6 29 1859 261
8762 19 26 309 271
8761 10 3 547 766
8760 3 20 1263 905
8759 16 3 279 744
8758 6 16 1023 132
8757 22 9 1509 598
8756 3 13 1889 538
8755 25 22 861 590
8754 10 22 1694 969
8753 3 13 1313 1080
8752 13 16 1894 625
8751 3 19 1432 1051
8750 7 29 743 826
8749 13 3 466 937
8748 7 29 743 826
8747 19 22 1804 622
8746 13 23 1714 347
8745 16 29 1142 878
8744 3 23 697 699
8743 6 16 618 1039
8742 16 29 1142 878
8741 7 13 734 917
8740 16 29 1593 882
8739 13 29 626 332
8738 13 13 967 355
8737 13 29 626 332
8736 6 13 1713 686
8735 23 23 881 353
8734 13 29 719 531
8733 19 19 1990 106
8732 13 23 916 1026
8731 23 7 983 372
8730 3 13 355 737
8729 22 13 709 953
8728 19 13 1904 276
8727 6 19 1243 977
8726 25 16 1200 591
8725 25 13 609 1070
8724 19 13 1688 640
8723 10 10 1856 576
8722 28 16 327 1010
8721 9 22 909 192
8720 7 26 634 751
8719 13 10 483 694
8718 3 3 699 786
8717 16 19 1193 338
8716 10 26 1229 237
8715 26 16 403 402
8714 13 3 699 1056
8713 3 23 1410 1028
8712 20 3 1785 160
8711 9 25 849 1008
8710 23 13 206 128
8709 7 13 1210 414
8708 13 29 1255 923
8707 3 13 1306 202
8706 3 13 1907 307
8705 22 19 602 291
8704 6 19 486 789
8703 19 19 1956 207
8702 3 10 579 103
8701 22 10 1079 154
8700 13 3 466 937
8699 16 3 704 1025
8698 19 19 1437 576
8697 20 13 1542 128
8696 7 7 1524 189
8695 20 10 1663 207
8694 13 25 1026 365
8693 20 16 823 524
8692 13 26 396 664
8691 22 19 287 752
8690 6 22 794 783
8689 20 3 1785 160
8688 22 28 1717 549
8687 29 29 1019 326
8686 28 19 1240 826
8685 6 16 647 872
8684 19 22 1719 159
8683 7 10 1672 419
8682 13 16 1838 354
8681 7 7 501 800
8680 16 3 836 819
8679 10 29 676 526
8678 19 22 1440 777
8677 22 16 644 313
8676 23 3 1396 143
8675 3 16 1105 256
8674 16 26 1789 1077
8673 3 13 530 916
8672 16 16 527 1100
8671 10 19 1278 267
8670 16 29 533 935
8669 25 16 620 1002
8668 16 16 527 1100
8667 16 3 477 194
8666 23 26 1594 1052
8665 13 6 1475 889
8664 25 28 1521 284
8663 20 20 418 893
8662 22 22 265 766
8661 10 13 347 187
8660 22 16 1175 863
8659 29 29 1019 326
8658 3 19 1928 713
8657 19 16 1012 845
8656 13 13 1710 800
8655 3 23 1410 1028
8654 13 6 580 558
8653 26 20 971 308
8652 9 9 1137 1019
8651 6 3 453 537
8650 16 6 755 874
8649 6 10 1572 528
8648 10 3 547 766
8647 25 22 580 176
8646 29 29 763 971
8645 29 20 1991 704
8644 6 3 1176 551
8643 19 22 735 193
8642 19 22 1897 986
8641 16 13 671 726
8640 3 16 1796 762
8639 7 10 1630 963
8638 13 29 626 332
8637 3 13 1502 270
8636 25 28 724 816
8635 23 23 881 353
8634 22 25 1227 810
8633 19 3 1814 369
8632 9 22 452 901
8631 16 13 654 720
8630 22 13 709 953
8629 28 6 707 517
8628 3 23 697 699
8627 29 29 969 833
8626 16 3 279 744
8625 19 9 1897 881
8624 7 29 743 826
8623 19 22 1897 986
8622 20 13 848 198
8621 10 7 1801 301
8620 10 10 1856 576
8619 13 6 1475 889
8618 20 3 1785 160
8617 25 13 609 1070
8616 16 16 287 918
8615 3 13 472 300
8614 26 29 267 777
8613 16 13 654 720
8612 10 7 1801 301
8611 19 3 1547 279
8610 6 19 1243 977
8609 29 16 584 203
8608 19 3 638 618
8607 16 29 1002 441
8606 28 6 707 517
8605 16 10 396 514
8604 19 22 1804 622
8603 26 6 1627 732
8602 19 19 1437 576
8601 25 16 1200 591
8600 7 20 1577 1043
8599 6 3 615 970
8598 29 19 1268 1095
8597 3 3 715 977
8596 16 22 1579 619
8595 29 23 1148 789
8594 29 29 969 833
8593 22 28 1717 549
8592 3 23 571 632
8591 13 13 1008 398
8590 16 29 1142 878
8589 16 29 1593 882
8588 13 6 490 406
8587 16 3 227 464
8586 7 29 743 826
8585 16 6 1332 642
8584 16 20 816 1079
8583 19 13 1537 614
8582 19 25 1263 748
8581 19 22 1260 355
8580 10 3 547 766
8579 23 20 1536 804
8578 22 13 226 631
8577 19 3 1547 279
8576 3 9 1558 1056
8575 26 26 1790 648
8574 10 16 1202 634
8573 29 10 1463 145
8572 23 29 1789 900
8571 10 10 1285 483
8570 3 10 1475 786
8569 3 19 754 984
8568 26 16 403 402
8567 3 22 1662 201
8566 6 29 1859 261
8565 13 25 550 100
8564 6 16 618 1039
8563 19 26 836 356
8562 25 16 620 1002
8561 19 16 1967 865
8560 19 6 324 237
8559 22 29 1500 828
8558 28 22 1166 491
8557 9 25 1529 1008
8556 20 16 823 524
8555 13 29 719 531
8554 26 22 1165 1100
8553 25 13 1251 384
8552 19 19 1990 106
8551 3 20 1263 905
8550 16 10 1081 1064
8549 19 16 1319 385
8548 7 29 598 161
8547 16 6 1188 697
8546 22 28 1002 795
8545 23 23 1382 991
8544 10 29 1065 111
8543 19 25 305 782
8542 25 16 620 1002
8541 6 16 1023 132
8540 7 3 1823 958
8539 25 13 1251 384
8538 13 13 1714 399
8537 22 25 1227 810
8536 26 20 1645 318
8535 3 3 715 977
8534 19 3 638 618
8533 25 16 1200 591
8532 26 6 1627 732
8531 16 29 1083 521
8530 23 23 881 353
8529 3 22 940 937
8528 29 20 1160 237
8527 25 28 1521 284
8526 6 22 666 504
8525 25 16 1200 591
8524 16 29 533 935
8523 9 9 1137 1019
8522 3 9 1558 1056
8521 29 20 1160 237
8520 10 29 1065 111
8519 13 20 1951 729
8518 20 23 204 293
8517 26 19 244 1055
8516 22 19 470 470
8515 16 19 1873 697
8514 3 20 1263 905
8513 3 3 1563 535
8512 29 20 1991 704
8511 23 29 1232 389
8510 25 28 521 989
8509 29 20 1972 641
8508 10 13 414 478
8507 3 13 1907 307
8506 13 13 1008 398
8505 3 9 1558 1056
8504 6 19 406 430
8503 22 3 1565 763
8502 3 13 472 300
8501 19 13 1537 614
8500 20 13 848 198
8499 26 29 610 917
8498 13 3 699 1056
8497 7 26 634 751
8496 28 6 1065 121
8495 20 26 1863 104
8494 9 22 909 192
8493 13 10 629 410
8492 16 28 935 528
8491 16 28 1821 660
8490 20 7 386 964
8489 13 23 560 244
8488 13 25 1467 1058
8487 19 22 1440 777
8486 26 22 1513 447
8485 29 20 1704 502
8484 20 23 1551 986
8483 25 13 609 1070
8482 3 7 1565 226
8481 13 10 738 190
8480 16 16 706 408
8479 13 26 1253 542
8478 26 10 574 593
8477 19 16 1967 865
8476 28 9 1185 918
8475 22 13 226 631
8474 26 22 1628 925
8473 19 6 217 732
8472 22 28 1002 795
8471 3 13 355 737
8470 13 22 590 660
8469 13 16 1894 625
8468 20 26 1863 104
8467 26 16 1296 524
8466 10 26 410 192
8465 22 10 1079 154
8464 9 13 211 1039
8463 7 13 898 325
8462 13 6 1475 889
8461 10 6 1765 970
8460 3 23 697 699
8459 25 16 620 1002
8458 13 13 1710 800
8457 16 29 1694 404
8456 6 6 442 900
8455 13 13 1679 146
8454 28 16 327 1010
8453 6 3 1176 551
8452 3 16 1391 846
8451 9 13 1442 168
8450 16 29 1730 638
8449 19 3 1814 369
8448 25 6 647 415
8447 29 23 1148 789
8446 29 29 763 971
8445 20 3 1785 160
8444 29 29 969 833
8443 10 10 588 654
8442 26 19 244 1055
8441 29 20 1160 237
8440 3 10 1791 520
8439 25 16 1200 591
8438 6 29 1859 261
8437 16 3 1518 1053
8436 29 23 1148 789
8435 29 16 1442 123
8434 13 26 1073 1066
8433 26 16 1296 524
8432 3 13 1306 202
8431 13 10 606 592
8430 19 19 1437 576
8429 9 13 1442 168
8428 6 3 453 537
8427 23 26 1913 600
8426 28 22 1166 491
8425 3 10 984 463
8424 19 22 1897 986
8423 13 10 629 410
8422 10 10 1856 576
8421 7 29 743 826
8420 25 19 1753 524
8419 10 10 588 654
8418 16 29 1883 380
8417 26 26 1790 648
8416 10 3 547 766
8415 6 19 1591 138
8414 9 19 775 997
8413 28 25 952 377
8412 23 16 1936 498
8411 6 29 834 900
8410 25 19 1753 524
8409 16 29 1593 882
8408 16 16 287 918
8407 29 20 1991 704
8406 29 20 1991 704
8405 26 7 738 375
8404 25 22 580 176
8403 22 13 667 765
8402 19 25 854 790
8401 13 26 1253 542
8400 23 29 957 387
8399 22 10 1079 154
8398 3 13 685 443
8397 16 3 704 1025
8396 29 10 1463 145
8395 10 29 1065 111
8394 3 13 685 443
8393 19 3 638 618
8392 19 25 854 790
8391 19 22 691 728
8390 26 29 1233 434
8389 16 22 1579 619
8388 9 16 814 281
8387 19 16 1351 615
8386 23 13 206 128
8385 25 6 216 182
8384 26 6 1156 1073
8383 7 16 789 650
8382 13 29 1255 923
8381 16 16 878 697
8380 3 13 1306 202
8379 6 3 1176 551
8378 23 16 1936 498
8377 9 25 1529 1008
8376 3 13 633 583
8375 6 6 564 1017
8374 10 6 542 430
8373 25 16 1200 591
8372 6 6 631 145
8371 26 22 1065 616
8370 25 22 580 176
8369 25 22 861 590
8368 7 7 828 643
8367 13 29 1511 325
8366 7 20 1241 674
8365 9 25 1529 1008
8364 3 19 1928 713
8363 26 19 1397 1043
8362 3 19 600 422
8361 13 13 1710 800
8360 6 16 618 1039
8359 13 23 560 244
8358 16 29 533 935
8357 22 16 1819 768
8356 3 13 633 583
8355 3 3 699 786
8354 10 29 1065 111
8353 3 16 501 692
8352 9 6 748 381
8351 29 10 243 775
8350 10 10 1856 576
8349 16 16 878 697
8348 6 3 453 537
8347 7 10 1630 963
8346 6 26 1143 180
8345 7 20 412 756
8344 13 20 1951 729
8343 23 20 437 996
8342 25 28 221 802
8341 6 19 996 631
8340 16 6 1907 397
8339 19 25 1263 748
8338 9 22 452 901
8337 16 16 1633 195
8336 22 3 338 357
8335 16 13 654 720
8334 19 3 1982 619
8333 13 3 455 292
8332 25 13 1251 384
8331 23 3 1396 143
8330 6 22 597 540
8329 10 13 419 950
8328 9 6 748 381
8327 22 16 644 313
8326 23 29 1232 389
8325 22 22 626 1048
8324 16 3 704 1025
8323 10 29 676 526
8322 26 16 1303 358
8321 9 13 1442 168
8320 19 10 1820 348
8319 3 20 1434 362
8318 7 3 1823 958
8317 25 22 1331 509
8316 3 19 901 980
8315 19 29 1523 353
8314 6 13 1713 686
8313 19 13 1688 640
8312 23 23 1382 991
8311 26 22 1065 616
8310 25 28 1909 396
8309 10 19 709 692
8308 19 29 1523 353
8307 19 6 324 237
8306 3 23 697 699
8305 7 23 907 152
8304 19 6 1813 756
8303 19 3 1982 619
8302 22 29 1500 828
8301 13 6 1699 1020
8300 20 23 204 293
8299 13 23 1714 347
8298 22 9 1509 598
8297 29 10 1463 145
8296 25 13 546 1056
8295 13 23 916 1026
8294 29 29 1019 326
8293 16 6 1332 642
8292 16 13 671 726
8291 13 26 396 664
8290 6 26 1143 180
8289 6 29 834 900
8288 6 29 1800 116
8287 13 3 621 723
8286 26 22 1513 447
8285 25 16 1200 591
8284 23 29 1789 900
8283 7 16 789 650
8282 28 16 327 1010
8281 3 10 1475 786
8280 22 13 709 953
8279 6 13 1713 686
8278 22 25 224 467
8277 22 28 347 1058
8276 10 10 1285 483
8275 26 16 1296 524
8274 6 10 465 900
8273 29 20 1972 641
8272 23 3 1396 143
8271 16 29 1142 878
8270 19 13 884 455
8269 3 16 501 692
8268 16 28 1821 660
8267 13 16 1838 354
8266 25 19 1889 468
8265 26 29 610 917
8264 25 16 620 1002
8263 16 29 1694 404
8262 26 19 1397 1043
8261 3 13 472 300
8260 16 19 234 1001
8259 7 7 1524 189
8258 22 25 1227 810
8257 20 7 894 300
8256 19 6 1108 1031
8255 13 25 550 100
8254 19 16 1489 751
8253 20 10 1663 207
8252 29 29 1019 326
8251 28 16 827 999
8250 9 22 909 192
8249 13 20 1951 729
8248 22 22 626 1048
8247 6 6 1445 1014
8246 6 28 1820 271
8245 16 6 1188 697
8244 28 19 1240 826
8243 16 29 1142 878
8242 28 6 1636 436
8241 13 16 1785 297
8240 22 25 224 467
8239 16 29 1883 380
8238 19 6 1108 1031
8237 19 22 1260 355
8236 7 20 1577 1043
8235 3 19 901 980
8234 10 26 1843 187
8233 13 3 466 937
8232 6 29 1800 116
8231 19 19 873 118
8230 19 25 1263 748
8229 29 20 1704 502
8228 16 3 1518 1053
8227 26 22 1628 925
8226 13 3 795 302
8225 13 29 1511 325
8224 3 23 571 632
8223 20 13 1054 815
8222 10 29 1194 399
8221 7 20 1577 1043
8220 19 22 691 728
8219 26 16 1296 524
8218 16 3 227 464
8217 26 19 244 1055
8216 22 22 318 898
8215 19 16 1489 751
8214 3 9 1558 1056
8213 6 6 631 145
8212 20 13 1054 815
8211 16 13 367 703
8210 26 22 1487 269
8209 3 13 1889 538
8208 7 20 412 756
8207 7 26 1257 632
8206 16 28 935 528
8205 19 25 305 782
8204 10 13 419 950
8203 13 13 1714 399
8202 19 6 1108 1031
8201 19 28 512 778
8200 13 13 1679 146
8199 10 13 347 187
8198 16 13 654 720
8197 26 19 244 1055
8196 19 19 1956 207
8195 10 16 1202 634
8194 6 26 1291 1035
8193 6 6 564 1017
8192 13 3 690 686
8191 26 29 267 777
8190 26 22 1628 925
8189 29 20 1991 704
8188 26 6 1627 732
8187 19 10 1820 348
8186 20 7 386 964
8185 16 3 279 744
8184 3 3 1563 535
8183 3 9 1558 1056
8182 22 22 930 324
8181 23 20 1786 1041
8180 10 13 414 478
8179 13 6 1987 926
8178 22 3 338 357
8177 19 13 1040 651
8176 6 19 406 430
8175 16 29 1730 638
8174 9 25 849 1008
8173 19 25 305 782
8172 7 16 789 650
8171 22 28 1717 549
8170 13 26 1073 1066
8169 20 10 1569 720
8168 22 29 1448 487
8167 9 16 814 281
8166 6 26 1291 1035
8165 19 26 836 356
8164 10 7 1801 301
8163 10 26 1843 187
8162 19 10 1820 348
8161 6 26 1991 318
8160 6 19 1243 977
8159 13 13 1710 800
8158 16 16 772 229
8157 13 6 580 558
8156 10 10 553 631
8155 16 13 1121 641
8154 13 26 1639 927
8153 6 3 453 537
8152 16 19 1873 697
8151 13 16 1894 625
8150 6 29 1800 116
8149 19 3 784 755
8148 23 20 1786 1041
8147 16 3 704 1025
8146 3 19 1432 1051
8145 13 26 1639 927
8144 22 16 982 229
8143 19 3 1814 369
8142 19 29 1523 353
8141 22 3 1565 763
8140 3 13 1306 202
8139 3 20 1434 362
8138 19 25 844 478
8137 16 28 875 1094
8136 10 26 1843 187
8135 23 13 206 128
8134 26 16 1296 524
8133 22 28 347 1058
8132 13 6 223 597
8131 7 10 1630 963
8130 26 22 1487 269
8129 7 16 789 650
8128 19 25 844 478
8127 16 22 1579 619
8126 3 3 699 786
8125 13 29 1511 325
8124 22 16 1819 768
8123 13 6 1062 195
8122 25 28 1521 284
8121 6 10 1572 528
8120 10 23 1205 1088
8119 3 13 472 300
8118 13 6 1987 926
8117 9 13 211 1039
8116 23 23 881 353
8115 20 3 1785 160
8114 28 6 1953 299
8113 10 10 553 631
8112 13 29 626 332
8111 16 13 1477 513
8110 22 13 667 765
8109 19 22 691 728
8108 22 22 930 324
8107 19 3 784 755
8106 3 13 1889 538
8105 19 19 1437 576
8104 19 6 1108 1031
8103 7 20 412 756
8102 20 7 894 300
8101 9 6 1467 681
8100 16 16 1633 195
8099 6 16 1023 132
8098 6 28 1820 271
8097 6 19 1185 822
8096 3 16 1105 256
8095 13 13 1008 398
8094 16 3 836 819
8093 22 28 1002 795
8092 26 16 1296 524
8091 13 20 1951 729
8090 22 13 293 191
8089 28 6 1636 436
8088 20 23 1551 986
8087 23 23 1382 991
8086 7 3 1607 273
8085 13 3 690 686
8084 26 7 618 442
8083 25 28 521 989
8082 28 16 827 999
8081 19 6 1204 453
8080 29 22 561 236
8079 6 6 1445 1014
8078 22 16 982 229
8077 26 10 574 593
8076 9 22 909 192
8075 13 9 1857 1017
8074 13 6 1062 195
8073 13 3 455 292
8072 3 13 472 300
8071 16 3 279 744
8070 7 13 898 325
8069 26 29 610 917
8068 6 19 1243 977
8067 3 13 355 737
8066 16 13 1477 513
8065 3 13 1313 1080
8064 7 26 634 751
8063 19 16 1012 845
8062 16 29 1739 656
8061 25 6 647 415
8060 16 3 262 658
8059 22 3 1565 763
8058 26 7 738 375
8057 13 6 1062 195
8056 13 23 916 1026
8055 13 20 1951 729
8054 26 7 738 375
8053 25 16 620 1002
8052 3 13 685 443
8051 9 19 775 997
8050 6 6 1921 197
8049 13 3 455 292
8048 10 6 1747 577
8047 28 25 952 377
8046 3 16 753 124
8045 19 3 762 269
8044 3 10 1475 786
8043 25 13 609 1070
8042 16 22 491 581
8041 13 3 455 292
8040 23 23 1382 991
8039 29 29 969 833
8038 19 13 884 455
8037 19 28 512 778
8036 10 26 1843 187
8035 29 20 1972 641
8034 20 16 1200 991
8033 22 19 1628 332
8032 7 3 1607 273
8031 6 3 1176 551
8030 10 3 1886 632
8029 3 13 1306 202
8028 19 13 1875 107
8027 22 28 1002 795
8026 13 13 967 355
8025 9 22 452 901
8024 16 13 367 703
8023 25 28 1909 396
8022 29 20 1972 641
8021 3 22 940 937
8020 9 9 427 447
8019 3 13 1210 892
8018 3 13 633 583
8017 3 16 1796 762
8016 6 10 465 900
8015 7 26 1257 632
8014 19 6 1204 453
8013 19 22 1440 777
8012 20 20 418 893
8011 23 23 1366 481
8010 6 10 713 921
8009 29 13 1014 130
8008 13 13 1714 399
8007 13 29 1511 325
8006 7 16 789 650
8005 20 13 636 446
8004 22 28 347 1058
8003 7 20 1577 1043
8002 26 16 1303 358
8001 9 19 1281 241
8000 22 16 982 229
7999 7 20 1577 1043
7998 19 16 1489 751
7997 16 29 1002 441
7996 29 10 1463 145
7995 6 22 794 783
7994 3 13 1313 1080
7993 7 26 1166 552
7992 26 13 1295 104
7991 6 6 1058 294
7990 3 3 575 287
7989 10 10 588 654
7988 22 22 626 1048
7987 19 28 213 755
7986 16 28 935 528
7985 26 7 618 442
7984 25 22 471 448
7983 16 28 1863 653
7982 6 10 465 900
7981 20 16 1200 991
7980 7 16 764 617
7979 10 29 1194 399
7978 3 16 1105 256
7977 22 25 1227 810
7976 22 25 914 337
7975 22 16 1598 841
7974 13 25 1467 1058
7973 16 29 1593 882
7972 16 22 1579 619
7971 9 25 1529 1008
7970 29 16 1442 123
7969 19 6 324 237
7968 22 9 1509 598
7967 3 23 697 699
7966 13 25 1467 1058
7965 6 13 1713 686
7964 29 20 1704 502
7963 3 9 1558 1056
7962 22 19 470 470
7961 7 10 801 919
7960 16 22 1579 619
7959 19 13 884 455
7958 29 29 763 971
7957 20 16 823 524
7956 26 19 1397 1043
7955 25 22 471 448
7954 7 13 734 917
7953 16 29 1002 441
7952 19 19 1956 207
7951 10 29 1065 111
7950 10 10 588 654
7949 6 3 453 537
7948 7 23 907 152
7947 26 22 1065 616
7946 6 19 406 430
7945 22 13 1897 272
7944 13 29 1511 325
7943 6 19 1243 977
7942 19 22 735 193
7941 3 7 1565 226
7940 19 22 1440 777
7939 7 29 598 161
7938 6 19 1243 977
7937 16 29 1739 656
7936 28 16 827 999
7935 16 13 1718 114
7934 13 6 490 406
7933 9 6 1467 681
7932 19 16 1012 845
7931 19 22 735 193
7930 6 29 1800 116
7929 16 3 836 819
7928 16 29 533 935
7927 19 10 1820 348
7926 3 3 355 869
7925 20 23 204 293
7924 13 10 606 592
7923 28 16 827 999
7922 10 3 1641 417
7921 20 20 418 893
7920 16 16 1633 195
7919 10 13 419 950
7918 7 10 1630 963
7917 20 23 1236 246
7916 7 20 1577 1043
7915 22 29 1500 828
7914 7 16 789 650
7913 22 22 318 898
7912 25 28 724 816
7911 28 9 1185 918
7910 10 13 1315 328
7909 10 23 1205 1088
7908 23 20 437 996
7907 26 22 1165 1100
7906 22 16 982 229
7905 10 3 1886 632
7904 19 19 1437 576
7903 29 16 1442 123
7902 28 6 1636 436
7901 28 25 952 377
7900 6 3 615 970
7899 13 29 1511 325
7898 6 10 713 921
7897 22 29 1448 487
7896 6 16 1023 132
7895 13 3 203 818
7894 6 6 1058 294
7893 22 22 626 1048
7892 25 6 647 415
7891 13 26 396 664
7890 19 25 305 782
7889 16 6 1188 697
7888 7 26 1257 632
7887 9 9 1137 1019
7886 3 23 697 699
7885 19 6 1813 756
7884 6 16 618 1039
7883 3 3 355 869
7882 19 28 486 840
7881 13 26 1639 927
7880 19 13 1537 614
7879 19 10 1820 348
7878 13 3 690 686
7877 7 13 734 917
7876 13 13 1008 398
7875 25 22 1331 509
7874 13 6 1475 889
7873 3 10 1791 520
7872 9 9 427 447
7871 16 3 279 744
7870 22 29 1500 828
7869 22 13 226 631
7868 16 22 491 581
7867 16 16 527 1100
7866 16 28 1863 653
7865 7 10 1630 963
7864 3 22 940 937
7863 13 3 699 1056
7862 3 23 571 632
7861 22 22 318 898
7860 3 16 1391 846
7859 10 6 542 430
7858 7 20 1241 674
7857 22 28 347 1058
7856 16 28 875 1094
7855 29 23 1148 789
7854 16 13 671 726
7853 25 19 1889 468
7852 19 16 1967 865
7851 20 13 1054 815
7850 10 6 542 430
7849 20 7 894 300
7848 25 28 1521 284
7847 13 3 466 937
7846 19 16 1967 865
7845 22 3 1492 283
7844 16 29 1142 878
7843 23 13 206 128
7842 10 13 419 950
7841 20 7 894 300
7840 3 22 1768 195
7839 20 16 823 524
7838 10 26 1229 237
7837 13 25 1026 365
7836 9 19 1281 241
7835 7 26 1257 632
7834 6 26 1143 180
7833 3 13 685 443
7832 26 16 1303 358
7831 3 3 575 287
7830 22 16 1598 841
7829 16 16 527 1100
7828 7 13 898 325
7827 22 19 470 470
7826 13 6 580 558
7825 26 6 1627 732
7824 19 10 1820 348
7823 19 16 1967 865
7822 19 3 784 755
7821 25 6 647 415
7820 3 13 751 234
7819 22 29 1448 487
7818 10 22 1694 969
7817 16 26 1590 728
7816 16 29 1593 882
7815 10 7 1801 301
7814 13 29 1255 923
7813 25 16 1200 591
7812 6 16 647 872
7811 22 9 1805 279
7810 6 6 1445 1014
7809 19 3 1814 369
7808 25 19 1889 468
7807 13 16 1785 297
7806 13 25 1026 365
7805 19 3 1982 619
7804 26 22 1487 269
7803 16 6 1332 642
7802 10 22 1694 969
7801 6 26 1291 1035
7800 16 26 1590 728
7799 13 10 1614 331
7798 22 16 1819 768
7797 10 3 1641 417
7796 19 25 1263 748
7795 3 19 952 540
7794 10 26 410 192
7793 7 7 1524 189
7792 6 10 713 921
7791 10 6 1747 577
7790 26 16 403 402
7789 3 19 754 984
7788 19 16 1319 385
7787 19 22 1440 777
7786 20 13 1542 128
7785 20 13 1542 128
7784 10 13 419 950
7783 16 26 1590 728
7782 22 3 338 357
7781 10 13 347 187
7780 6 10 1572 528
7779 9 25 849 1008
7778 3 7 1565 226
7777 13 23 1714 347
7776 23 7 936 609
7775 25 28 1909 396
7774 22 10 1233 546
7773 13 26 1073 1066
7772 29 13 1014 130
7771 16 19 234 1001
7770 25 25 371 509
7769 19 16 1351 615
7768 13 26 396 664
7767 16 23 746 416
7766 26 6 774 314
7765 3 3 355 869
7764 26 20 1645 318
7763 16 6 755 874
7762 10 19 1278 267
7761 28 6 1953 299
7760 22 13 226 631
7759 28 6 1636 436
7758 10 3 1641 417
7757 29 10 483 1038
7756 29 26 719 600
7755 10 23 1205 1088
7754 26 20 971 308
7753 6 19 486 789
7752 10 19 709 692
7751 19 19 1956 207
7750 7 26 1257 632
7749 19 3 762 269
7748 19 22 1897 986
7747 19 16 1319 385
7746 16 3 262 658
7745 25 28 724 816
7744 6 6 1921 197
7743 3 22 940 937
7742 20 10 1569 720
7741 16 29 1142 878
7740 22 19 602 291
7739 9 13 1442 168
7738 10 29 676 526
7737 13 23 1714 347
7736 3 23 571 632
7735 28 6 707 517
7734 29 16 584 203
7733 25 28 1909 396
7732 10 23 1205 1088
7731 19 28 512 778
7730 19 3 784 755
7729 6 26 1143 180
7728 19 19 1956 207
7727 25 13 1251 384
7726 10 22 1694 969
7725 20 23 1325 338
7724 20 23 1551 986
7723 25 16 1200 591
7722 9 25 1529 1008
7721 9 9 427 447
7720 20 10 1569 720
7719 28 22 330 563
7718 22 3 338 357
7717 9 19 775 997
7716 28 6 707 517
7715 26 16 1296 524
7714 6 3 1347 609
7713 22 28 1002 795
7712 19 22 1440 777
7711 23 3 1396 143
7710 19 26 309 271
7709 16 6 755 874
7708 25 22 861 590
7707 6 29 1800 116
7706 10 29 1194 399
7705 26 19 244 1055
7704 13 23 1714 347
7703 13 20 1925 840
7702 16 13 671 726
7701 26 7 738 375
7700 19 22 1260 355
7699 25 22 1331 509
7698 25 22 861 590
7697 6 6 564 1017
7696 6 3 615 970
7695 3 3 575 287
7694 26 26 1170 838
7693 26 6 774 314
7692 13 13 1008 398
7691 19 25 305 782
7690 13 26 396 664
7689 22 25 1227 810
7688 3 19 754 984
7687 22 10 1848 196
7686 19 28 946 1021
7685 16 28 1821 660
7684 29 22 561 236
7683 16 10 1508 454
7682 23 23 1382 991
7681 20 16 1200 991
7680 25 13 546 1056
7679 25 13 1251 384
7678 29 26 1724 482
7677 6 3 453 537
7676 13 29 1511 325
7675 29 10 1463 145
7674 10 6 542 430
7673 10 16 1202 634
7672 29 10 1657 287
7671 7 16 764 617
7670 7 10 1672 419
7669 22 28 1717 549
7668 6 3 1347 609
7667 13 13 1714 399
7666 22 19 1628 332
7665 23 3 1396 143
7664 16 3 1518 1053
7663 29 19 1268 1095
7662 3 19 1432 1051
7661 6 22 597 540
7660 26 6 774 314
7659 29 16 1051 169
7658 28 6 707 517
7657 29 26 1724 482
7656 13 26 1253 542
7655 19 13 1688 640
7654 6 6 779 122
7653 3 16 753 124
7652 16 29 1730 638
7651 3 16 501 692
7650 19 13 1688 640
7649 26 19 1397 1043
7648 16 29 1739 656
7647 10 16 1202 634
7646 25 13 1251 384
7645 20 10 1663 207
7644 20 23 204 293
7643 16 28 1821 660
7642 19 22 1200 449
7641 7 29 743 826
7640 13 29 719 531
7639 13 25 1467 1058
7638 20 23 204 293
7637 20 3 1785 160
7636 19 22 691 728
7635 13 3 621 723
7634 10 3 1641 417
7633 19 29 1523 353
7632 29 22 561 236
7631 7 13 898 325
7630 7 3 1607 273
7629 23 29 1232 389
7628 10 19 709 692
7627 3 9 1558 1056
7626 10 26 1843 187
7625 16 3 704 1025
7624 3 3 1563 535
7623 22 22 626 1048
7622 13 16 1785 297
7621 28 6 1953 299
7620 25 28 1370 535
7619 23 23 1382 991
7618 10 26 1229 237
7617 19 10 1820 348
7616 7 7 501 800
7615 19 22 735 193
7614 6 16 618 1039
7613 7 16 789 650
7612 3 13 355 737
7611 16 3 279 744
7610 3 16 220 351
7609 16 10 1309 888
7608 16 6 1188 697
7607 19 3 638 618
7606 29 23 1148 789
7605 23 3 1396 143
7604 20 23 204 293
7603 23 20 437 996
7602 6 26 1991 318
7601 16 6 1332 642
7600 25 25 371 509
7599 16 23 746 416
7598 16 3 1518 1053
7597 23 26 1520 942
7596 6 10 713 921
7595 19 3 1547 279
7594 6 19 406 430
7593 22 29 1448 487
7592 25 28 221 802
7591 16 26 1789 1077
7590 10 13 414 478
7589 7 29 598 161
7588 20 16 823 524
7587 19 22 1440 777
7586 16 26 1789 1077
7585 13 16 1838 354
7584 9 6 748 381
7583 29 26 1522 215
7582 29 20 1972 641
7581 26 20 971 308
7580 26 6 1627 732
7579 10 26 1229 237
7578 25 13 609 1070
7577 6 29 1859 261
7576 22 22 318 898
7575 9 25 849 1008
7574 19 26 309 271
7573 9 16 814 281
7572 25 28 724 816
7571 13 26 1073 1066
7570 6 29 834 900
7569 3 16 1456 192
7568 6 19 996 631
7567 20 23 204 293
7566 16 28 1821 660
7565 3 13 751 234
7564 28 22 330 563
7563 16 29 1002 441
7562 16 13 367 703
7561 26 20 1645 318
7560 3 16 220 351
7559 26 26 716 445
7558 19 22 1897 986
7557 26 19 1397 1043
7556 22 13 709 953
7555 16 10 1508 454
7554 22 25 914 337
7553 3 10 579 103
7552 6 3 1176 551
7551 26 16 1296 524
7550 10 13 347 187
7549 9 22 909 192
7548 19 28 512 778
7547 13 23 560 244
7546 25 13 546 1056
7545 20 16 823 524
7544 26 6 1627 732
7543 3 10 579 103
7542 9 9 1137 1019
7541 3 19 600 422
7540 23 20 1786 1041
7539 3 19 901 980
7538 16 29 1694 404
7537 22 16 982 229
7536 3 19 901 980
7535 13 6 1987 926
7534 13 10 606 592
7533 29 20 1704 502
7532 3 23 571 632
7531 19 28 512 778
7530 26 26 1261 1009
7529 29 29 969 833
7528 25 19 1889 468
7527 16 10 1508 454
7526 10 13 419 950
7525 7 16 764 617
7524 16 16 1633 195
7523 10 10 553 631
7522 6 22 794 783
7521 20 16 851 446
7520 20 13 636 446
7519 19 28 213 755
7518 19 3 638 618
7517 23 29 957 387
7516 16 28 1863 653
7515 3 13 633 583
7514 19 6 217 732
7513 29 26 1724 482
7512 23 3 1396 143
7511 16 13 367 703
7510 6 16 647 872
7509 6 29 1859 261
7508 13 6 490 406
7507 19 3 762 269
7506 20 16 823 524
7505 16 6 755 874
7504 29 19 1268 1095
7503 13 10 483 694
7502 23 16 868 608
7501 13 3 455 292
7500 10 10 588 654
7499 19 22 735 193
7498 23 26 1913 600
7497 6 19 406 430
7496 16 28 935 528
7495 7 13 898 325
7494 19 19 1990 106
7493 10 26 410 192
7492 29 26 1724 482
7491 3 10 984 463
7490 20 7 386 964
7489 16 28 935 528
7488 7 20 412 756
7487 20 23 1551 986
7486 9 16 814 281
7485 28 6 1953 299
7484 19 22 1897 986
7483 29 20 1991 704
7482 6 29 1800 116
7481 22 3 1492 283
7480 7 26 1257 632
7479 28 6 1208 309
7478 3 13 355 737
7477 25 22 580 176
7476 28 16 827 999
7475 20 23 1236 246
7474 10 29 1488 1094
7473 22 6 683 553
7472 3 19 754 984
7471 29 20 1704 502
7470 3 16 220 351
7469 25 28 1370 535
7468 7 26 1166 552
7467 26 20 971 308
7466 23 26 1520 942
7465 13 23 1714 347
7464 23 23 1382 991
7463 25 28 1521 284
7462 10 19 1278 267
7461 16 13 1477 513
7460 9 19 775 997
7459 19 3 1547 279
7458 13 26 396 664
7457 19 3 784 755
7456 25 28 221 802
7455 22 19 602 291
7454 25 28 221 802
7453 7 20 1241 674
7452 19 26 836 356
7451 19 16 1967 865
7450 22 16 1598 841
7449 22 6 683 553
7448 3 19 1928 713
7447 22 10 1848 196
7446 19 6 217 732
7445 10 10 553 631
7444 22 9 1805 279
7443 16 13 367 703
7442 3 13 633 583
7441 20 7 386 964
7440 26 26 1790 648
7439 20 23 1551 986
7438 3 13 1907 307
7437 23 20 1786 1041
7436 25 28 521 989
7435 19 22 691 728
7434 19 3 1982 619
7433 6 13 1713 686
7432 16 3 477 194
7431 3 13 355 737
7430 19 22 1897 986
7429 6 13 1713 686
7428 19 16 1967 865
7427 19 13 1784 152
7426 3 20 1434 362
7425 10 13 414 478
7424 16 3 262 658
7423 29 29 1019 326
7422 3 22 940 937
7421 23 20 1536 804
7420 10 10 588 654
7419 23 26 1594 1052
7418 22 19 783 277
7417 23 23 881 353
7416 28 6 1953 299
7415 29 20 1160 237
7414 22 9 1509 598
7413 3 16 1105 256
7412 16 13 671 726
7411 19 3 1982 619
7410 26 22 1487 269
7409 22 16 982 229
7408 6 6 779 122
7407 16 13 367 703
7406 26 20 1645 318
7405 13 13 1679 146
7404 19 13 1537 614
7403 19 16 1351 615
7402 23 16 868 608
7401 13 10 483 694
7400 6 28 1820 271
7399 6 26 1143 180
7398 3 20 1434 362
7397 9 6 748 381
7396 6 6 779 122
7395 29 29 1019 326
7394 26 6 1627 732
7393 3 10 984 463
7392 3 13 685 443
7391 28 19 1240 826
7390 10 26 410 192
7389 13 9 1857 1017
7388 13 6 1987 926
7387 10 22 1694 969
7386 28 22 1166 491
7385 26 20 971 308
7384 28 6 1636 436
7383 10 19 709 692
7382 23 29 957 387
7381 7 13 734 917
7380 19 25 854 790
7379 19 6 1813 756
7378 6 26 1143 180
7377 6 3 1347 609
7376 13 13 1679 146
7375 13 10 483 694
7374 29 29 969 833
7373 23 13 206 128
7372 16 13 1477 513
7371 22 3 1492 283
7370 23 7 936 609
7369 19 9 1059 580
7368 6 22 666 504
7367 23 7 983 372
7366 13 6 1475 889
7365 16 19 1193 338
7364 19 3 522 1009
7363 28 22 330 563
7362 22 6 683 553
7361 16 3 477 194
7360 22 3 1565 763
7359 29 20 1160 237
7358 6 26 1991 318
7357 23 16 1918 1042
7356 13 29 1255 923
7355 13 29 1255 923
7354 10 10 1856 576
7353 3 13 1502 270
7352 25 6 216 182
7351 20 16 851 446
7350 19 28 213 755
7349 6 22 794 783
7348 25 13 546 1056
7347 3 3 699 786
7346 7 20 412 756
7345 6 6 442 900
7344 28 6 1636 436
7343 25 28 521 989
7342 29 20 1972 641
7341 19 9 1059 580
7340 6 22 794 783
7339 16 3 477 194
7338 7 26 1166 552
7337 13 16 1838 354
7336 19 19 1956 207
7335 6 3 453 537
7334 25 6 653 107
7333 6 29 1859 261
7332 7 20 1577 1043
7331 6 6 1921 197
7330 13 16 1785 297
7329 25 28 1370 535
7328 10 29 1488 1094
7327 7 20 1880 705
7326 3 7 1565 226
7325 13 25 1026 365
7324 16 13 1718 114
7323 26 26 716 445
7322 20 10 1569 720
7321 29 16 1369 817
7320 13 6 223 597
7319 16 29 1694 404
7318 13 9 820 552
7317 29 29 969 833
7316 22 9 1509 598
7315 3 23 697 699
7314 16 22 491 581
7313 13 6 580 558
7312 3 13 1502 270
7311 23 29 957 387
7310 6 22 794 783
7309 22 19 287 752
7308 19 25 854 790
7307 6 6 1921 197
7306 22 10 1848 196
7305 19 28 946 1021
7304 29 16 1369 817
7303 16 29 1694 404
7302 19 16 1351 615
7301 13 13 1679 146
7300 6 10 1572 528
7299 20 26 1863 104
7298 6 19 1185 822
7297 3 3 699 786
7296 9 6 1467 681
7295 10 6 1747 577
7294 29 10 483 1038
7293 22 19 1628 332
7292 13 10 738 190
7291 25 25 371 509
7290 23 7 983 372
7289 10 22 1694 969
7288 22 16 982 229
7287 10 10 553 631
7286 7 23 907 152
7285 7 20 412 756
7284 26 29 1233 434
7283 13 3 795 302
7282 19 9 1059 580
7281 3 19 600 422
7280 20 23 1325 338
7279 29 23 1148 789
7278 16 10 1309 888
7277 13 6 1699 1020
7276 10 3 1641 417
7275 22 3 1492 283
7274 20 23 204 293
7273 9 22 909 192
7272 13 6 490 406
7271 22 16 1598 841
7270 3 13 1306 202
7269 20 13 1054 815
7268 28 6 1065 121
7267 25 22 1331 509
7266 9 25 1529 1008
7265 19 13 1904 276
7264 13 3 203 818
7263 10 19 709 692
7262 16 23 746 416
7261 7 13 734 917
7260 3 19 600 422
7259 13 6 223 597
7258 6 3 615 970
7257 20 16 851 446
7256 10 13 347 187
7255 19 3 522 1009
7254 3 3 575 287
7253 16 6 1332 642
7252 23 16 868 608
7251 28 16 327 1010
7250 26 10 574 593
7249 28 22 330 563
7248 16 29 1002 441
7247 9 22 452 901
7246 3 19 1432 1051
7245 19 3 522 1009
7244 13 3 621 723
7243 13 3 690 686
7242 3 3 715 977
7241 25 16 1200 591
7240 20 3 1785 160
7239 19 9 1897 881
7238 20 16 823 524
7237 13 6 1475 889
7236 26 26 1261 1009
7235 25 22 471 448
7234 26 19 244 1055
7233 7 29 598 161
7232 16 10 1309 888
7231 3 10 1791 520
7230 26 26 496 520
7229 20 7 386 964
7228 3 10 984 463
7227 16 16 878 697
7226 23 16 1936 498
7225 26 16 1303 358
7224 13 6 223 597
7223 16 6 755 874
7222 16 3 262 658
7221 3 16 1456 192
7220 23 26 1520 942
7219 23 7 983 372
7218 3 3 699 786
7217 26 19 1397 1043
7216 28 16 327 1010
7215 3 13 633 583
7214 25 28 521 989
7213 13 6 1062 195
7212 19 9 1897 881
7211 22 25 914 337
7210 19 16 1351 615
7209 26 26 496 520
7208 13 13 1714 399
7207 29 16 1051 169
7206 13 23 1714 347
7205 25 28 1370 535
7204 29 26 1522 215
7203 22 19 287 752
7202 25 28 1909 396
7201 13 16 1838 354
7200 3 10 984 463
7199 7 20 1880 705
7198 16 13 1477 513
7197 19 13 884 455
7196 22 29 1500 828
7195 3 13 355 737
7194 16 6 1332 642
7193 7 26 1166 552
7192 13 6 1699 1020
7191 19 6 1204 453
7190 26 22 1513 447
7189 6 3 615 970
7188 13 25 1467 1058
7187 19 3 784 755
7186 13 9 820 552
7185 19 19 1956 207
7184 6 19 406 430
7183 22 10 1079 154
7182 13 3 621 723
7181 3 19 952 540
7180 6 19 1591 138
7179 6 16 1023 132
7178 6 16 1023 132
7177 13 3 699 1056
7176 19 22 1260 355
7175 6 19 486 789
7174 7 10 801 919
7173 10 6 1765 970
7172 13 23 560 244
7171 6 29 834 900
7170 7 7 828 643
7169 28 6 1953 299
7168 3 10 579 103
7167 22 13 667 765
7166 19 3 762 269
7165 26 20 971 308
7164 7 13 734 917
7163 9 6 748 381
7162 29 29 763 971
7161 7 10 1672 419
7160 7 10 1630 963
7159 10 10 553 631
7158 19 16 1319 385
7157 3 3 355 869
7156 13 20 1951 729
7155 16 10 396 514
7154 28 16 327 1010
7153 7 7 1524 189
7152 6 6 779 122
7151 13 13 1679 146
7150 19 25 1263 748
7149 22 13 226 631
7148 9 19 1281 241
7147 16 3 227 464
7146 9 25 1529 1008
7145 25 13 546 1056
7144 3 16 1456 192
7143 13 16 1894 625
7142 3 22 1662 201
7141 16 3 1518 1053
7140 19 25 844 478
7139 26 7 618 442
7138 19 9 1059 580
7137 13 16 1785 297
7136 25 16 1200 591
7135 3 3 1563 535
7134 29 29 969 833
7133 3 13 751 234
7132 10 10 553 631
7131 3 16 220 351
7130 13 29 1255 923
7129 22 25 224 467
7128 6 22 562 614
7127 22 10 1079 154
7126 3 13 472 300
7125 29 26 719 600
7124 6 3 1347 609
7123 23 26 1594 1052
7122 23 7 983 372
7121 26 6 774 314
7120 13 10 606 592
7119 3 19 952 540
7118 7 13 734 917
7117 16 16 1633 195
7116 26 26 496 520
7115 3 16 1105 256
7114 7 20 1241 674
7113 29 20 1704 502
7112 22 13 709 953
7111 3 13 355 737
7110 16 13 707 359
7109 16 3 477 194
7108 16 26 1789 1077
7107 19 22 1804 622
7106 29 13 1014 130
7105 13 25 1026 365
7104 26 29 1233 434
7103 23 26 1594 1052
7102 10 23 1205 1088
7101 26 6 1156 1073
7100 19 6 217 732
7099 13 10 483 694
7098 3 3 1563 535
7097 6 22 794 783
7096 3 19 952 540
7095 23 29 1789 900
7094 26 22 1487 269
7093 22 19 1628 332
7092 9 16 814 281
7091 19 19 1990 106
7090 25 28 1370 535
7089 13 26 1253 542
7088 25 6 653 107
7087 20 23 1325 338
7086 20 26 1863 104
7085 22 3 480 1037
7084 16 10 1081 1064
7083 22 9 1805 279
7082 19 3 1814 369
7081 3 19 1928 713
7080 29 29 763 971
7079 16 29 1083 521
7078 13 13 1679 146
7077 3 20 1434 362
7076 22 19 783 277
7075 22 29 1500 828
7074 22 13 293 191
7073 26 26 1790 648
7072 7 20 1241 674
7071 6 6 1921 197
7070 16 10 396 514
7069 22 3 1565 763
7068 3 20 1263 905
7067 6 13 1201 715
7066 26 29 610 917
7065 13 20 1925 840
7064 19 16 1489 751
7063 28 16 327 1010
7062 16 28 1863 653
7061 28 9 1185 918
7060 23 23 881 353
7059 23 20 437 996
7058 13 3 203 818
7057 6 6 631 145
7056 7 3 1823 958
7055 26 26 1170 838
7054 3 13 1313 1080
7053 19 3 1814 369
7052 3 10 579 103
7051 28 9 1185 918
7050 25 6 647 415
7049 13 6 490 406
7048 26 6 774 314
7047 3 9 1558 1056
7046 22 10 1233 546
7045 7 7 1524 189
7044 16 3 836 819
7043 16 23 746 416
7042 20 26 1863 104
7041 28 19 828 888
7040 3 23 571 632
7039 9 9 427 447
7038 13 13 1710 800
7037 28 25 952 377
7036 3 7 1565 226
7035 16 23 746 416
7034 13 26 396 664
7033 13 6 1987 926
7032 29 20 1991 704
7031 3 22 1662 201
7030 13 13 1679 146
7029 13 26 1073 1066
7028 23 16 1918 1042
7027 6 22 597 540
7026 19 22 691 728
7025 26 26 1261 1009
7024 3 3 575 287
7023 26 22 1348 605
7022 7 16 764 617
7021 6 6 779 122
7020 29 29 1019 326
7019 13 23 916 1026
7018 16 29 1083 521
7017 29 10 1657 287
7016 10 3 1641 417
7015 22 28 347 1058
7014 6 19 406 430
7013 13 16 1894 625
7012 3 9 1558 1056
7011 3 23 1410 1028
7010 13 23 916 1026
7009 20 10 1569 720
7008 23 3 1396 143
7007 3 13 751 234
7006 10 6 542 430
7005 28 22 1166 491
7004 19 25 844 478
7003 7 10 1672 419
7002 6 6 631 145
7001 20 13 848 198
7000 16 16 287 918
6999 3 19 754 984
6998 22 16 1598 841
6997 19 13 1875 107
6996 23 26 1594 1052
6995 3 10 1791 520
6994 10 6 1765 970
6993 7 23 907 152
6992 22 6 683 553
6991 22 28 347 1058
6990 6 19 1591 138
6989 19 22 1260 355
6988 20 10 1663 207
6987 13 20 1925 840
6986 6 28 1820 271
6985 6 6 631 145
6984 22 10 1233 546
6983 3 13 1210 892
6982 10 13 414 478
6981 19 13 1784 152
6980 19 22 1260 355
6979 16 29 1739 656
6978 10 7 1801 301
6977 19 28 946 1021
6976 7 10 1672 419
6975 29 20 1991 704
6974 3 16 1456 192
6973 6 6 564 1017
6972 10 3 1641 417
6971 13 3 795 302
6970 10 13 419 950
6969 22 22 626 1048
6968 3 23 697 699
6967 7 13 1210 414
6966 19 25 854 790
6965 3 19 585 827
6964 20 7 894 300
6963 10 29 1488 1094
6962 7 7 501 800
6961 25 19 1889 468
6960 22 19 783 277
6959 23 20 1536 804
6958 28 25 952 377
6957 26 6 1627 732
6956 28 16 827 999
6955 26 20 1645 318
6954 19 3 522 1009
6953 20 26 1863 104
6952 9 6 1467 681
6951 10 26 410 192
6950 26 19 1397 1043
6949 23 7 936 609
6948 19 25 844 478
6947 22 22 265 766
6946 26 22 1628 925
6945 26 26 1170 838
6944 22 6 683 553
6943 19 13 1537 614
6942 16 13 1477 513
6941 13 6 580 558
6940 29 10 243 775
6939 13 13 967 355
6938 28 19 1240 826
6937 19 6 217 732
6936 3 16 501 692
6935 6 19 1591 138
6934 10 7 1801 301
6933 22 16 1598 841
6932 26 29 267 777
6931 29 29 763 971
6930 22 16 644 313
6929 6 26 1991 318
6928 6 28 1820 271
6927 25 22 471 448
6926 19 22 1200 449
6925 3 16 1391 846
6924 13 25 550 100
6923 22 10 1233 546
6922 6 10 713 921
6921 19 22 1260 355
6920 26 20 971 308
6919 10 13 419 950
6918 6 13 1201 715
6917 16 16 706 408
6916 25 28 1370 535
6915 26 16 403 402
6914 19 9 1059 580
6913 6 22 794 783
6912 3 10 984 463
6911 28 6 1065 121
6910 23 20 437 996
6909 26 10 574 593
6908 25 25 371 509
6907 3 10 579 103
6906 13 9 1857 1017
6905 13 25 550 100
6904 20 13 636 446
6903 3 19 585 827
6902 23 20 1536 804
6901 29 20 1991 704
6900 7 10 1630 963
6899 7 13 1210 414
6898 10 13 419 950
6897 28 6 1065 121
6896 7 7 828 643
6895 20 23 1551 986
6894 3 16 1105 256
6893 22 19 602 291
6892 19 29 1523 353
6891 19 26 836 356
6890 22 13 1897 272
6889 22 9 1509 598
6888 10 10 588 654
6887 19 22 1260 355
6886 19 22 1200 449
6885 19 25 305 782
6884 19 16 1351 615
6883 6 19 1591 138
6882 10 13 414 478
6881 10 10 588 654
6880 26 22 1348 605
6879 13 10 483 694
6878 3 10 1475 786
6877 26 26 1790 648
6876 16 28 1863 653
6875 13 13 1008 398
6874 3 13 1889 538
6873 29 16 1051 169
6872 13 3 203 818
6871 13 29 1511 325
6870 13 13 1710 800
6869 6 22 597 540
6868 3 23 697 699
6867 16 3 262 658
6866 25 19 1753 524
6865 13 29 719 531
6864 16 16 878 697
6863 25 28 1521 284
6862 19 13 1784 152
6861 20 16 823 524
6860 13 26 1073 1066
6859 6 22 794 783
6858 19 22 1804 622
6857 16 16 1633 195
6856 13 20 1951 729
6855 13 13 1008 398
6854 26 26 1790 648
6853 3 23 697 699
6852 3 23 571 632
6851 25 6 216 182
6850 19 3 1547 279
6849 16 19 1873 697
6848 3 13 1306 202
6847 13 26 1639 927
6846 16 29 1739 656
6845 19 13 1784 152
6844 16 20 816 1079
6843 23 23 881 353
6842 6 10 465 900
6841 9 9 427 447
6840 13 3 621 723
6839 29 20 1160 237
6838 19 28 213 755
6837 26 22 1628 925
6836 13 23 1714 347
6835 7 29 598 161
6834 10 26 410 192
6833 19 3 1547 279
6832 22 9 1805 279
6831 22 22 265 766
6830 13 3 795 302
6829 23 26 1520 942
6828 3 23 1410 1028
6827 16 3 227 464
6826 29 29 763 971
6825 13 10 1614 331
6824 10 19 1278 267
6823 22 13 226 631
6822 6 3 1176 551
6821 29 10 483 1038
6820 10 13 347 187
6819 25 22 861 590
6818 6 22 562 614
6817 10 3 547 766
6816 13 13 1714 399
6815 16 10 396 514
6814 26 6 1627 732
6813 16 16 527 1100
6812 3 13 633 583
6811 26 22 1065 616
6810 25 13 1251 384
6809 19 6 1108 1031
6808 3 20 1263 905
6807 22 9 1509 598
6806 10 23 1205 1088
6805 20 10 1663 207
6804 16 29 1883 380
6803 13 23 916 1026
6802 19 19 1437 576
6801 16 13 654 720
6800 16 26 1590 728
6799 3 20 1645 316
6798 22 19 783 277
6797 25 22 471 448
6796 10 3 1641 417
6795 3 22 1662 201
6794 6 6 564 1017
6793 26 22 1513 447
6792 22 19 602 291
6791 29 10 1657 287
6790 19 3 1814 369
6789 7 13 734 917
6788 6 3 615 970
6787 3 16 220 351
6786 16 22 491 581
6785 29 16 1051 169
6784 13 29 1255 923
6783 16 13 1718 114
6782 7 7 1524 189
6781 13 25 550 100
6780 16 13 654 720
6779 16 3 704 1025
6778 19 19 1990 106
6777 19 22 1440 777
6776 13 26 1073 1066
6775 19 28 946 1021
6774 7 26 1166 552
6773 26 29 610 917
6772 6 6 779 122
6771 20 7 386 964
6770 7 26 634 751
6769 20 16 1200 991
6768 25 13 1251 384
6767 25 28 221 802
6766 16 3 227 464
6765 20 13 1542 128
6764 22 25 224 467
6763 13 16 1894 625
6762 29 20 1160 237
6761 19 25 1263 748
6760 16 29 1730 638
6759 9 25 1529 1008
6758 6 26 1143 180
6757 25 16 620 1002
6756 22 19 1628 332
6755 16 10 1309 888
6754 13 6 223 597
6753 28 6 1208 309
6752 26 7 618 442
6751 6 16 647 872
6750 26 16 1303 358
6749 7 20 1577 1043
6748 16 6 1332 642
6747 9 22 452 901
6746 19 9 1059 580
6745 22 3 338 357
6744 16 29 1739 656
6743 19 22 1897 986
6742 13 25 550 100
6741 10 13 347 187
6740 16 28 875 1094
6739 10 13 414 478
6738 19 22 735 193
6737 6 22 666 504
6736 22 9 1805 279
6735 29 16 1051 169
6734 28 6 1636 436
6733 3 22 1662 201
6732 19 25 1263 748
6731 26 22 1628 925
6730 6 22 597 540
6729 25 25 371 509
6728 9 19 1281 241
6727 26 6 1156 1073
6726 22 19 470 470
6725 20 13 636 446
6724 6 19 1185 822
6723 19 22 1260 355
6722 6 6 1445 1014
6721 26 7 618 442
6720 19 13 1040 651
6719 29 16 1369 817
6718 25 22 580 176
6717 16 3 477 194
6716 22 13 667 765
6715 20 16 851 446
6714 23 23 1382 991
6713 3 19 901 980
6712 10 29 1065 111
6711 6 3 453 537
6710 28 16 327 1010
6709 7 7 828 643
6708 3 20 1645 316
6707 22 3 480 1037
6706 3 13 1313 1080
6705 13 26 1073 1066
6704 29 20 1972 641
6703 16 10 1081 1064
6702 25 6 647 415
6701 25 13 546 1056
6700 16 29 1739 656
6699 26 29 1233 434
6698 13 3 699 1056
6697 9 13 211 1039
6696 19 22 1719 159
6695 3 13 1210 892
6694 6 29 834 900
6693 16 13 707 359
6692 13 3 466 937
6691 16 16 772 229
6690 28 19 828 888
6689 22 13 667 765
6688 19 13 1040 651
6687 22 3 338 357
6686 16 28 875 1094
6685 3 22 1768 195
6684 3 10 1791 520
6683 29 20 1972 641
6682 7 26 1257 632
6681 10 6 542 430
6680 19 16 1351 615
6679 13 29 719 531
6678 22 13 1897 272
6677 19 6 324 237
6676 22 6 683 553
6675 20 20 418 893
6674 10 23 1205 1088
6673 16 22 491 581
6672 16 13 671 726
6671 13 10 1614 331
6670 28 6 707 517
6669 3 20 1263 905
6668 26 22 1487 269
6667 23 29 1232 389
6666 6 10 1572 528
6665 7 16 764 617
6664 25 13 546 1056
6663 6 26 1143 180
6662 16 10 1508 454
6661 6 6 1445 1014
6660 3 19 585 827
6659 13 9 820 552
6658 20 10 1663 207
6657 20 3 1785 160
6656 3 16 1391 846
6655 10 13 347 187
6654 3 22 1768 195
6653 16 28 1863 653
6652 26 22 1165 1100
6651 16 16 706 408
6650 23 16 1918 1042
6649 20 7 894 300
6648 19 6 1204 453
6647 7 10 1672 419
6646 6 6 1058 294
6645 7 3 1823 958
6644 29 26 719 600
6643 25 19 1889 468
6642 3 19 1928 713
6641 10 29 1065 111
6640 13 3 690 686
6639 7 16 789 650
6638 16 22 491 581
6637 16 13 1718 114
6636 13 6 1699 1020
6635 3 13 751 234
6634 19 13 1688 640
6633 25 28 1909 396
6632 16 3 227 464
6631 25 6 216 182
6630 16 29 1883 380
6629 13 3 203 818
6628 26 22 1513 447
6627 25 28 1909 396
6626 19 6 324 237
6625 29 10 483 1038
6624 22 13 226 631
6623 7 16 789 650
6622 7 29 598 161
6621 16 29 533 935
6620 19 22 691 728
6619 16 28 875 1094
6618 10 29 1488 1094
6617 19 16 1351 615
6616 13 25 550 100
6615 19 19 1990 106
6614 26 29 610 917
6613 28 9 1185 918
6612 6 6 631 145
6611 22 19 602 291
6610 9 6 1467 681
6609 26 26 1261 1009
6608 6 6 564 1017
6607 13 3 466 937
6606 22 28 347 1058
6605 7 13 1210 414
6604 16 10 1309 888
6603 13 25 1026 365
6602 22 13 293 191
6601 7 23 907 152
6600 25 6 216 182
6599 22 28 347 1058
6598 10 3 1886 632
6597 3 16 1456 192
6596 13 13 1008 398
6595 16 26 1789 1077
6594 16 3 704 1025
6593 7 10 1630 963
6592 13 20 1951 729
6591 25 22 861 590
6590 20 23 1551 986
6589 16 16 287 918
6588 16 3 227 464
6587 13 6 1987 926
6586 16 29 533 935
6585 19 19 1956 207
6584 13 6 1475 889
6583 22 22 930 324
6582 6 6 1921 197
6581 19 28 946 1021
6580 28 6 1953 299
6579 29 16 584 203
6578 19 16 1012 845
6577 10 10 553 631
6576 22 25 224 467
6575 23 16 1918 1042
6574 6 19 406 430
6573 29 26 1724 482
6572 22 19 287 752
6571 22 3 1565 763
6570 13 26 396 664
6569 10 3 1886 632
6568 22 13 709 953
6567 13 3 455 292
6566 9 19 775 997
6565 19 19 873 118
6564 26 19 1397 1043
6563 13 6 580 558
6562 13 20 1925 840
6561 7 7 501 800
6560 29 10 483 1038
6559 3 7 1565 226
6558 28 6 707 517
6557 6 28 1820 271
6556 10 29 1194 399
6555 3 16 1796 762
6554 20 13 1054 815
6553 22 25 224 467
6552 16 13 707 359
6551 22 13 293 191
6550 23 7 936 609
6549 19 16 1012 845
6548 10 13 414 478
6547 19 16 1489 751
6546 7 23 907 152
6545 22 22 930 324
6544 7 20 1241 674
6543 13 22 590 660
6542 19 3 638 618
6541 13 10 606 592
6540 10 26 1229 237
6539 19 28 486 840
6538 13 22 590 660
6537 6 6 442 900
6536 10 10 1285 483
6535 13 6 1987 926
6534 25 19 1753 524
6533 25 22 471 448
6532 13 26 1253 542
6531 23 23 881 353
6530 20 23 1236 246
6529 3 22 1768 195
6528 22 3 480 1037
6527 3 16 1391 846
6526 28 22 330 563
6525 29 23 1148 789
6524 16 13 1121 641
6523 22 3 1492 283
6522 10 19 1278 267
6521 6 19 996 631
6520 22 19 1628 332
6519 20 23 204 293
6518 16 10 1081 1064
6517 19 25 854 790
6516 26 22 1487 269
6515 26 26 1261 1009
6514 3 19 1928 713
6513 20 13 848 198
6512 19 26 836 356
6511 29 26 1724 482
6510 13 13 1008 398
6509 22 19 470 470
6508 3 7 1565 226
6507 25 28 724 816
6506 26 26 496 520
6505 20 16 1200 991
6504 23 13 206 128
6503 7 23 1303 229
6502 22 10 1233 546
6501 16 13 1718 114
6500 13 6 1062 195
6499 29 20 1991 704
6498 19 6 1204 453
6497 22 19 783 277
6496 6 26 1143 180
6495 7 26 634 751
6494 22 9 1509 598
6493 20 20 418 893
6492 6 13 1713 686
6491 26 26 1790 648
6490 22 13 1897 272
6489 22 13 226 631
6488 16 28 1863 653
6487 29 23 1148 789
6486 20 20 418 893
6485 19 13 1688 640
6484 20 16 851 446
6483 16 3 227 464
6482 29 16 1369 817
6481 16 29 1002 441
6480 16 16 527 1100
6479 19 25 1263 748
6478 7 29 598 161
6477 10 19 709 692
6476 3 9 1558 1056
6475 19 13 1904 276
6474 22 16 1175 863
6473 10 10 588 654
6472 22 19 602 291
6471 6 22 794 783
6470 6 3 615 970
6469 29 26 1522 215
6468 10 10 1856 576
6467 23 20 1536 804
6466 6 19 406 430
6465 28 16 327 1010
6464 20 3 1785 160
6463 10 6 1747 577
6462 26 6 1627 732
6461 3 16 1391 846
6460 13 3 699 1056
6459 19 26 836 356
6458 22 19 602 291
6457 7 29 743 826
6456 10 16 1202 634
6455 3 10 1475 786
6454 13 9 1857 1017
6453 19 28 946 1021
6452 6 6 1058 294
6451 6 22 562 614
6450 25 25 371 509
6449 7 13 1210 414
6448 16 26 1590 728
6447 7 10 1630 963
6446 19 6 1108 1031
6445 10 10 1285 483
6444 7 7 828 643
6443 7 16 789 650
6442 16 13 671 726
6441 13 16 1785 297
6440 7 23 1303 229
6439 13 26 1073 1066
6438 16 3 227 464
6437 19 3 638 618
6436 23 16 868 608
6435 29 29 763 971
6434 29 22 561 236
6433 13 9 820 552
6432 22 25 224 467
6431 19 28 946 1021
6430 13 3 621 723
6429 23 7 936 609
6428 6 10 713 921
6427 20 13 848 198
6426 13 6 1062 195
6425 13 6 580 558
6424 28 9 1185 918
6423 6 22 666 504
6422 23 7 983 372
6421 16 10 1508 454
6420 6 6 564 1017
6419 3 19 952 540
6418 3 10 579 103
6417 3 13 1502 270
6416 26 22 1165 1100
6415 16 20 816 1079
6414 20 23 1325 338
6413 19 28 486 840
6412 6 29 1800 116
6411 13 6 1699 1020
6410 3 22 1768 195
6409 16 13 1121 641
6408 3 3 715 977
6407 20 3 1785 160
6406 25 28 221 802
6405 22 22 626 1048
6404 29 19 1268 1095
6403 22 19 783 277
6402 16 10 396 514
6401 25 13 1251 384
6400 25 6 653 107
6399 3 10 579 103
6398 22 19 602 291
6397 16 28 875 1094
6396 6 19 996 631
6395 23 20 1786 1041
6394 26 13 1295 104
6393 22 13 226 631
6392 29 16 584 203
6391 26 20 1645 318
6390 19 3 1982 619
6389 6 22 562 614
6388 29 10 243 775
6387 23 13 206 128
6386 3 19 600 422
6385 16 3 836 819
6384 9 22 909 192
6383 23 16 1936 498
6382 13 3 699 1056
6381 9 13 1442 168
6380 26 26 1261 1009
6379 6 3 453 537
6378 16 3 262 658
6377 3 13 530 916
6376 29 22 561 236
6375 16 13 1718 114
6374 9 13 1442 168
6373 29 16 1051 169
6372 16 29 1739 656
6371 26 19 1397 1043
6370 22 16 982 229
6369 13 10 606 592
6368 13 3 795 302
6367 25 28 724 816
6366 23 3 1396 143
6365 3 3 355 869
6364 9 9 427 447
6363 19 13 1688 640
6362 3 19 952 540
6361 22 13 1897 272
6360 13 6 1699 1020
6359 20 16 851 446
6358 19 3 638 618
6357 25 28 221 802
6356 19 16 1012 845
6355 29 16 1051 169
6354 19 3 1814 369
6353 3 22 1662 201
6352 25 22 580 176
6351 3 16 753 124
6350 3 19 754 984
6349 10 23 1205 1088
6348 3 20 1263 905
6347 20 16 851 446
6346 22 13 293 191
6345 22 10 1079 154
6344 3 7 1565 226
6343 16 16 878 697
6342 16 28 1821 660
6341 19 13 1875 107
6340 13 10 1614 331
6339 22 19 287 752
6338 20 23 1236 246
6337 19 28 213 755
6336 16 13 654 720
6335 6 6 1445 1014
6334 6 26 1291 1035
6333 28 22 1166 491
6332 10 26 410 192
6331 20 10 1663 207
6330 9 16 814 281
6329 19 22 1804 622
6328 9 16 814 281
6327 19 22 1897 986
6326 19 22 1440 777
6325 6 6 1445 1014
6324 3 20 1645 316
6323 20 7 386 964
6322 13 22 590 660
6321 7 7 828 643
6320 6 10 465 900
6319 22 19 783 277
6318 29 10 1463 145
6317 3 20 1645 316
6316 16 29 1142 878
6315 13 16 1838 354
6314 22 25 1227 810
6313 16 3 704 1025
6312 7 26 1257 632
6311 26 26 1261 1009
6310 23 26 1520 942
6309 13 13 967 355
6308 25 13 1251 384
6307 16 19 234 1001
6306 28 6 707 517
6305 23 23 1366 481
6304 3 10 984 463
6303 16 6 755 874
6302 6 3 1176 551
6301 3 19 952 540
6300 7 3 1823 958
6299 6 10 713 921
6298 26 13 1295 104
6297 20 13 1542 128
6296 22 10 1848 196
6295 9 25 849 1008
6294 9 9 427 447
6293 23 7 936 609
6292 19 22 1719 159
6291 3 13 1306 202
6290 19 3 1982 619
6289 29 13 1014 130
6288 25 22 580 176
6287 3 22 1768 195
6286 9 22 452 901
6285 29 10 243 775
6284 19 25 305 782
6283 13 9 820 552
6282 19 16 1967 865
6281 6 6 564 1017
6280 9 19 1281 241
6279 23 29 1789 900
6278 6 3 615 970
6277 20 26 1863 104
6276 3 13 751 234
6275 7 10 801 919
6274 10 7 1801 301
6273 22 19 783 277
6272 23 16 1936 498
6271 22 3 338 357
6270 7 20 1241 674
6269 10 19 1278 267
6268 26 20 971 308
6267 10 7 1801 301
6266 19 3 762 269
6265 10 26 1229 237
6264 13 23 916 1026
6263 13 29 1255 923
6262 16 10 1508 454
6261 16 19 1873 697
6260 3 19 585 827
6259 3 16 220 351
6258 16 23 746 416
6257 13 6 490 406
6256 16 16 287 918
6255 6 6 442 900
6254 19 19 1437 576
6253 3 3 1563 535
6252 26 6 1627 732
6251 3 16 1796 762
6250 28 9 1185 918
6249 13 23 1714 347
6248 29 26 719 600
6247 19 16 1967 865
6246 3 19 952 540
6245 10 29 676 526
6244 25 19 1889 468
6243 6 16 1023 132
6242 22 19 287 752
6241 20 7 386 964
6240 22 28 1002 795
6239 10 3 1886 632
6238 25 19 1753 524
6237 6 6 779 122
6236 29 10 1657 287
6235 19 3 522 1009
6234 23 16 1936 498
6233 13 29 626 332
6232 7 7 828 643
6231 19 25 854 790
6230 22 13 709 953
6229 13 10 606 592
6228 29 16 584 203
6227 26 22 1065 616
6226 13 3 455 292
6225 9 13 1442 168
6224 6 22 597 540
6223 13 16 1838 354
6222 26 22 1065 616
6221 22 9 1509 598
6220 6 19 1185 822
6219 28 6 1208 309
6218 3 19 952 540
6217 16 28 875 1094
6216 13 10 629 410
6215 6 26 1991 318
6214 6 3 615 970
6213 22 13 1897 272
6212 19 3 762 269
6211 19 28 213 755
6210 19 3 1982 619
6209 22 13 667 765
6208 29 16 1369 817
6207 22 22 626 1048
6206 3 13 1889 538
6205 6 6 631 145
6204 16 29 1593 882
6203 22 3 338 357
6202 13 3 690 686
6201 19 6 1204 453
6200 16 10 396 514
6199 9 6 1467 681
6198 16 29 1593 882
6197 13 29 1255 923
6196 16 13 707 359
6195 13 26 1073 1066
6194 16 3 262 658
6193 29 26 1522 215
6192 16 13 707 359
6191 22 22 265 766
6190 13 10 606 592
6189 6 29 1800 116
6188 23 23 1366 481
6187 9 13 1442 168
6186 13 23 916 1026
6185 19 13 1875 107
6184 20 23 1325 338
6183 22 25 224 467
6182 3 13 1889 538
6181 13 20 1925 840
6180 26 26 496 520
6179 19 19 873 118
6178 26 20 1645 318
6177 20 10 1569 720
6176 28 16 327 1010
6175 7 10 1672 419
6174 19 3 762 269
6173 19 13 1537 614
6172 6 10 465 900
6171 16 6 755 874
6170 16 26 1590 728
6169 22 19 602 291
6168 23 29 1789 900
6167 22 3 1565 763
6166 13 29 719 531
6165 6 19 1185 822
6164 3 10 1791 520
6163 20 13 848 198
6162 7 26 634 751
6161 25 13 546 1056
6160 22 25 224 467
6159 6 29 834 900
6158 19 6 1813 756
6157 19 3 522 1009
6156 7 23 907 152
6155 3 3 715 977
6154 6 19 486 789
6153 16 19 234 1001
6152 7 23 1303 229
6151 19 10 1820 348
6150 22 19 1628 332
6149 19 13 1784 152
6148 6 3 615 970
6147 10 29 676 526
6146 26 16 1303 358
6145 10 23 1205 1088
6144 3 13 530 916
6143 19 6 1108 1031
6142 16 3 477 194
6141 29 10 243 775
6140 16 22 1579 619
6139 6 29 834 900
6138 3 13 1502 270
6137 16 23 746 416
6136 3 23 571 632
6135 28 6 1065 121
6134 29 16 1442 123
6133 13 10 629 410
6132 6 3 1176 551
6131 29 10 1657 287
6130 19 28 213 755
6129 16 19 1193 338
6128 7 20 412 756
6127 9 19 775 997
6126 19 29 1523 353
6125 19 19 873 118
6124 20 23 1236 246
6123 29 20 1972 641
6122 16 16 287 918
6121 19 22 1719 159
6120 25 28 521 989
6119 20 16 1200 991
6118 6 19 486 789
6117 16 16 772 229
6116 3 19 754 984
6115 20 13 1542 128
6114 22 13 293 191
6113 3 16 1796 762
6112 16 3 262 658
6111 7 10 1672 419
6110 10 26 410 192
6109 29 26 1724 482
6108 16 20 816 1079
6107 16 10 396 514
6106 29 10 1657 287
6105 3 13 530 916
6104 19 6 1108 1031
6103 16 22 491 581
6102 20 16 823 524
6101 9 9 1137 1019
6100 10 3 1886 632
6099 6 6 564 1017
6098 7 7 828 643
6097 6 6 1921 197
6096 3 13 1313 1080
6095 3 16 501 692
6094 19 13 1040 651
6093 20 23 1325 338
6092 22 28 347 1058
6091 28 6 1953 299
6090 20 23 204 293
6089 29 16 1369 817
6088 22 10 1848 196
6087 7 3 1607 273
6086 6 26 1291 1035
6085 22 13 709 953
6084 16 16 1633 195
6083 22 9 1509 598
6082 7 26 1257 632
6081 13 6 1987 926
6080 3 19 600 422
6079 16 13 1477 513
6078 19 13 1040 651
6077 20 3 1785 160
6076 22 22 930 324
6075 6 16 1023 132
6074 19 10 1820 348
6073 20 10 1663 207
6072 23 23 1366 481
6071 23 29 1232 389
6070 19 25 1263 748
6069 13 3 795 302
6068 6 3 615 970
6067 16 28 1821 660
6066 16 10 1081 1064
6065 3 13 1907 307
6064 7 7 1524 189
6063 19 9 1059 580
6062 10 19 709 692
6061 19 28 486 840
6060 13 9 1857 1017
6059 6 6 631 145
6058 20 13 1542 128
6057 13 3 795 302
6056 19 3 784 755
6055 10 29 1488 1094
6054 25 6 647 415
6053 22 16 982 229
6052 13 23 560 244
6051 10 26 410 192
6050 19 16 1319 385
6049 13 26 1073 1066
6048 16 19 1193 338
6047 13 10 606 592
6046 3 13 633 583
6045 13 3 203 818
6044 16 19 1193 338
6043 3 23 1410 1028
6042 16 16 527 1100
6041 22 16 1175 863
6040 16 10 1081 1064
6039 13 22 590 660
6038 22 16 1175 863
6037 22 25 914 337
6036 22 9 1509 598
6035 28 19 1240 826
6034 22 25 914 337
6033 13 3 621 723
6032 19 13 884 455
6031 16 10 1508 454
6030 3 20 1645 316
6029 16 3 1518 1053
6028 20 13 1054 815
6027 3 20 1263 905
6026 10 29 676 526
6025 3 16 753 124
6024 16 6 1332 642
6023 26 6 1156 1073
6022 9 19 1281 241
6021 10 3 547 766
6020 23 7 983 372
6019 16 3 836 819
6018 13 6 490 406
6017 7 20 1241 674
6016 7 10 801 919
6015 29 29 1019 326
6014 3 19 600 422
6013 29 26 719 600
6012 3 16 1796 762
6011 10 19 1278 267
6010 25 28 521 989
6009 28 6 1065 121
6008 13 13 1008 398
6007 6 19 1185 822
6006 13 3 455 292
6005 6 6 1445 1014
6004 6 10 713 921
6003 13 16 1785 297
6002 10 10 1285 483
6001 19 22 1200 449
6000 3 19 754 984
5999 3 16 501 692
5998 9 25 849 1008
5997 19 13 1784 152
5996 16 29 1730 638
5995 22 22 265 766
5994 16 29 1142 878
5993 16 13 671 726
5992 10 16 1202 634
5991 19 25 854 790
5990 28 25 952 377
5989 16 16 287 918
5988 23 20 437 996
5987 20 7 386 964
5986 6 10 713 921
5985 29 10 483 1038
5984 7 10 801 919
5983 16 29 1142 878
5982 16 3 227 464
5981 13 10 1614 331
5980 25 28 724 816
5979 16 29 1739 656
5978 23 29 1789 900
5977 19 19 1956 207
5976 22 16 1175 863
5975 16 13 1718 114
5974 19 16 1012 845
5973 10 29 1488 1094
5972 29 20 1972 641
5971 22 28 347 1058
5970 10 26 410 192
5969 13 29 719 531
5968 16 28 1821 660
5967 25 28 221 802
5966 7 13 734 917
5965 6 13 1201 715
5964 10 13 347 187
5963 13 16 1838 354
5962 25 19 1889 468
5961 6 16 647 872
5960 3 19 1432 1051
5959 10 19 709 692
5958 22 10 1848 196
5957 25 13 1251 384
5956 3 23 697 699
5955 6 22 666 504
5954 20 13 1542 128
5953 16 10 1508 454
5952 19 29 1523 353
5951 16 22 1579 619
5950 23 7 936 609
5949 29 10 1463 145
5948 23 7 983 372
5947 3 22 940 937
5946 7 7 501 800
5945 10 13 414 478
5944 13 3 699 1056
5943 16 19 234 1001
5942 16 19 1193 338
5941 26 26 716 445
5940 6 28 1820 271
5939 22 10 1079 154
5938 10 6 1747 577
5937 10 10 1285 483
5936 16 13 367 703
5935 6 19 1243 977
5934 3 22 1662 201
5933 3 13 633 583
5932 10 26 410 192
5931 13 29 1255 923
5930 22 13 293 191
5929 3 10 984 463
5928 26 13 1295 104
5927 23 29 1789 900
5926 6 6 779 122
5925 7 13 734 917
5924 19 28 213 755
5923 19 28 213 755
5922 3 7 1565 226
5921 19 19 1990 106
5920 3 10 579 103
5919 22 29 1500 828
5918 26 22 1487 269
5917 23 20 437 996
5916 25 28 1909 396
5915 10 10 1856 576
5914 16 13 367 703
5913 13 10 1614 331
5912 16 29 1694 404
5911 29 20 1704 502
5910 25 25 371 509
5909 20 23 1551 986
5908 19 25 844 478
5907 16 13 1121 641
5906 3 23 697 699
5905 29 26 1522 215
5904 3 13 1306 202
5903 16 29 1002 441
5902 7 23 1303 229
5901 26 6 774 314
5900 29 23 1148 789
5899 16 22 1579 619
5898 9 13 1442 168
5897 16 29 1083 521
5896 19 3 638 618
5895 6 16 1023 132
5894 29 13 1014 130
5893 10 10 1856 576
5892 19 13 1040 651
5891 6 6 631 145
5890 26 20 971 308
5889 3 3 355 869
5888 3 16 1391 846
5887 22 6 683 553
5886 16 28 875 1094
5885 25 28 221 802
5884 13 13 967 355
5883 26 7 618 442
5882 25 13 546 1056
5881 13 3 621 723
5880 19 9 1897 881
5879 22 3 338 357
5878 9 13 211 1039
5877 22 29 1500 828
5876 19 3 1814 369
5875 3 20 1434 362
5874 9 6 1467 681
5873 3 7 1565 226
5872 19 9 1897 881
5871 25 28 221 802
5870 23 20 1536 804
5869 26 22 1513 447
5868 16 3 1518 1053
5867 19 26 309 271
5866 26 22 1065 616
5865 20 10 1663 207
5864 13 25 1026 365
5863 6 10 713 921
5862 13 26 1639 927
5861 3 22 1662 201
5860 3 13 1210 892
5859 26 16 403 402
5858 29 26 1724 482
5857 29 16 1051 169
5856 6 26 1143 180
5855 29 16 1442 123
5854 3 23 571 632
5853 22 19 783 277
5852 13 16 1838 354
5851 16 13 707 359
5850 22 28 1717 549
5849 16 3 477 194
5848 29 10 1657 287
5847 16 16 878 697
5846 13 16 1894 625
5845 29 19 1268 1095
5844 19 28 486 840
5843 16 13 1477 513
5842 3 19 901 980
5841 6 19 486 789
5840 10 16 1202 634
5839 6 6 1921 197
5838 19 13 884 455
5837 22 28 1717 549
5836 13 23 1714 347
5835 23 7 936 609
5834 16 16 706 408
5833 16 29 533 935
5832 19 28 512 778
5831 6 13 1201 715
5830 3 19 1432 1051
5829 7 3 1823 958
5828 6 3 1176 551
5827 16 10 396 514
5826 22 22 318 898
5825 16 29 1002 441
5824 28 19 828 888
5823 19 25 305 782
5822 19 13 1784 152
5821 19 28 512 778
5820 28 16 827 999
5819 23 16 1936 498
5818 13 26 1639 927
5817 16 10 1508 454
5816 28 22 330 563
5815 7 13 1210 414
5814 29 29 969 833
5813 19 16 1489 751
5812 3 3 699 786
5811 19 3 1814 369
5810 13 10 1614 331
5809 22 3 338 357
5808 28 6 707 517
5807 7 3 1607 273
5806 13 29 626 332
5805 9 19 775 997
5804 19 16 1012 845
5803 3 20 1263 905
5802 19 3 522 1009
5801 16 13 671 726
5800 20 13 1054 815
5799 16 29 1593 882
5798 20 23 1325 338
5797 13 9 1857 1017
5796 16 13 1718 114
5795 19 16 1967 865
5794 19 6 324 237
5793 20 23 1236 246
5792 26 13 1295 104
5791 19 6 217 732
5790 22 16 1819 768
5789 6 16 1023 132
5788 19 13 1904 276
5787 26 16 403 402
5786 19 16 1012 845
5785 28 6 1065 121
5784 19 13 1040 651
5783 16 16 878 697
5782 19 22 1804 622
5781 20 13 848 198
5780 6 19 486 789
5779 28 6 1636 436
5778 16 20 816 1079
5777 7 26 1166 552
5776 3 16 753 124
5775 13 6 223 597
5774 20 16 1200 991
5773 6 6 442 900
5772 13 13 1008 398
5771 9 13 1442 168
5770 3 10 1475 786
5769 25 28 1370 535
5768 28 19 1240 826
5767 28 25 952 377
5766 6 3 1347 609
5765 6 16 1023 132
5764 23 29 1232 389
5763 6 22 666 504
5762 9 9 1137 1019
5761 22 16 1175 863
5760 13 3 466 937
5759 19 13 884 455
5758 3 16 1391 846
5757 23 23 881 353
5756 19 9 1059 580
5755 23 23 1366 481
5754 10 13 414 478
5753 16 29 1694 404
5752 19 6 1108 1031
5751 6 26 1991 318
5750 26 26 1170 838
5749 13 26 1073 1066
5748 7 20 412 756
5747 22 10 1848 196
5746 28 9 1185 918
5745 7 20 412 756
5744 7 20 1577 1043
5743 6 19 486 789
5742 6 16 647 872
5741 10 26 1229 237
5740 16 20 816 1079
5739 22 10 1848 196
5738 23 26 1913 600
5737 16 16 706 408
5736 16 3 836 819
5735 6 6 564 1017
5734 19 6 324 237
5733 6 10 1572 528
5732 13 6 1987 926
5731 3 19 1928 713
5730 28 6 1953 299
5729 19 6 1108 1031
5728 22 9 1509 598
5727 13 29 626 332
5726 29 10 1463 145
5725 20 26 1863 104
5724 16 13 1121 641
5723 6 22 666 504
5722 6 16 647 872
5721 7 3 1607 273
5720 22 13 667 765
5719 3 20 1434 362
5718 29 16 1369 817
5717 28 6 1065 121
5716 26 6 1156 1073
5715 7 23 1303 229
5714 3 13 1210 892
5713 29 16 1442 123
5712 23 16 1936 498
5711 3 22 1768 195
5710 22 13 667 765
5709 19 6 1108 1031
5708 22 19 287 752
5707 13 26 1073 1066
5706 19 6 1108 1031
5705 16 3 836 819
5704 13 13 967 355
5703 16 26 1789 1077
5702 13 10 606 592
5701 19 9 1897 881
5700 26 19 1397 1043
5699 26 7 738 375
5698 16 29 533 935
5697 23 29 957 387
5696 29 16 584 203
5695 28 25 952 377
5694 9 9 1137 1019
5693 20 13 636 446
5692 19 16 1319 385
5691 16 6 1188 697
5690 20 26 1863 104
5689 29 10 1463 145
5688 13 3 621 723
5687 6 6 1921 197
5686 3 10 984 463
5685 16 29 1694 404
5684 19 19 873 118
5683 19 26 309 271
5682 16 10 396 514
5681 3 16 1796 762
5680 9 25 1529 1008
5679 16 29 1142 878
5678 19 26 836 356
5677 7 26 634 751
5676 19 3 638 618
5675 19 19 873 118
5674 16 19 1873 697
5673 13 6 1062 195
5672 13 29 626 332
5671 23 16 1918 1042
5670 22 25 914 337
5669 22 28 1717 549
5668 22 16 1819 768
5667 19 9 1897 881
5666 3 16 1391 846
5665 13 6 490 406
5664 19 28 486 840
5663 19 22 1200 449
5662 16 16 1633 195
5661 3 19 754 984
5660 10 13 1315 328
5659 19 19 1956 207
5658 28 22 1166 491
5657 6 19 996 631
5656 19 22 691 728
5655 20 23 1236 246
5654 16 29 1002 441
5653 16 29 1083 521
5652 22 19 1628 332
5651 16 20 816 1079
5650 16 26 1789 1077
5649 19 3 784 755
5648 6 16 647 872
5647 7 20 1880 705
5646 19 22 1200 449
5645 3 23 1410 1028
5644 7 20 1880 705
5643 23 26 1520 942
5642 9 9 427 447
5641 26 26 1170 838
5640 23 13 206 128
5639 9 22 909 192
5638 23 29 1232 389
5637 6 19 1243 977
5636 13 3 621 723
5635 22 22 318 898
5634 22 13 1897 272
5633 16 3 227 464
5632 28 6 1065 121
5631 13 10 1614 331
5630 6 3 453 537
5629 26 22 1513 447
5628 25 19 1889 468
5627 22 3 1565 763
5626 25 22 471 448
5625 13 25 1026 365
5624 13 3 621 723
5623 19 6 1813 756
5622 26 6 1156 1073
5621 19 13 1904 276
5620 23 26 1913 600
5619 19 3 522 1009
5618 26 26 496 520
5617 6 13 1713 686
5616 16 13 1477 513
5615 19 22 1804 622
5614 3 20 1263 905
5613 19 13 1784 152
5612 26 22 1487 269
5611 6 6 442 900
5610 19 3 638 618
5609 19 22 1200 449
5608 16 19 234 1001
5607 16 16 878 697
5606 10 13 419 950
5605 19 25 305 782
5604 25 28 221 802
5603 29 19 1268 1095
5602 29 16 1051 169
5601 16 6 755 874
5600 16 29 1730 638
5599 6 29 1859 261
5598 19 25 1263 748
5597 7 26 1166 552
5596 7 20 1880 705
5595 13 10 738 190
5594 10 10 1856 576
5593 16 20 816 1079
5592 25 28 1521 284
5591 6 10 1572 528
5590 13 23 916 1026
5589 19 13 884 455
5588 23 23 1382 991
5587 13 10 483 694
5586 28 16 827 999
5585 26 7 618 442
5584 10 29 1194 399
5583 6 26 1991 318
5582 13 29 1511 325
5581 3 13 1889 538
5580 23 26 1913 600
5579 22 10 1848 196
5578 28 25 952 377
5577 22 16 1175 863
5576 25 22 471 448
5575 3 16 501 692
5574 3 16 501 692
5573 22 29 1448 487
5572 10 26 1843 187
5571 28 22 330 563
5570 3 13 530 916
5569 19 13 1904 276
5568 13 6 1475 889
5567 20 13 1542 128
5566 22 25 914 337
5565 19 3 1547 279
5564 25 22 861 590
5563 10 10 1285 483
5562 28 19 828 888
5561 28 6 1953 299
5560 20 13 1542 128
5559 19 28 486 840
5558 7 16 789 650
5557 22 10 1848 196
5556 19 28 946 1021
5555 6 3 615 970
5554 19 3 638 618
5553 3 20 1263 905
5552 19 22 1804 622
5551 19 13 1688 640
5550 3 10 579 103
5549 29 20 1704 502
5548 7 23 907 152
5547 19 13 1875 107
5546 7 20 1241 674
5545 22 19 470 470
5544 6 26 1991 318
5543 19 19 1437 576
5542 13 29 626 332
5541 7 29 598 161
5540 3 13 1210 892
5539 29 26 1724 482
5538 22 13 667 765
5537 16 16 527 1100
5536 23 26 1594 1052
5535 23 16 1936 498
5534 9 16 814 281
5533 10 3 1641 417
5532 7 26 634 751
5531 22 19 1628 332
5530 26 26 496 520
5529 3 13 633 583
5528 29 16 1369 817
5527 22 19 1628 332
5526 28 25 952 377
5525 16 16 878 697
5524 7 3 1607 273
5523 3 13 685 443
5522 22 16 1175 863
5521 13 13 967 355
5520 25 28 1521 284
5519 22 16 982 229
5518 22 22 930 324
5517 29 29 763 971
5516 6 28 1820 271
5515 13 3 795 302
5514 26 22 1348 605
5513 6 19 996 631
5512 20 23 204 293
5511 29 10 243 775
5510 28 25 952 377
5509 9 9 427 447
5508 19 3 1814 369
5507 13 16 1894 625
5506 25 28 221 802
5505 23 23 1382 991
5504 7 7 828 643
5503 23 23 1366 481
5502 29 16 1051 169
5501 13 3 699 1056
5500 29 29 1019 326
5499 16 28 1863 653
5498 13 25 1467 1058
5497 22 3 1565 763
5496 13 9 1857 1017
5495 25 16 1200 591
5494 25 13 1251 384
5493 29 26 719 600
5492 25 22 1331 509
5491 19 3 1982 619
5490 29 29 763 971
5489 26 29 610 917
5488 26 26 496 520
5487 23 16 1918 1042
5486 10 3 547 766
5485 13 26 1253 542
5484 20 13 1054 815
5483 25 6 216 182
5482 23 29 957 387
5481 3 10 579 103
5480 7 29 598 161
5479 22 19 783 277
5478 29 29 1019 326
5477 25 25 371 509
5476 13 25 550 100
5475 26 7 618 442
5474 23 16 1936 498
5473 6 26 1991 318
5472 28 16 327 1010
5471 29 10 1463 145
5470 22 22 626 1048
5469 16 16 527 1100
5468 16 3 836 819
5467 6 16 618 1039
5466 3 19 1432 1051
5465 19 3 1982 619
5464 3 16 1796 762
5463 19 26 309 271
5462 7 13 1210 414
5461 28 6 1208 309
5460 19 22 1897 986
5459 26 13 1295 104
5458 13 22 590 660
5457 22 22 265 766
5456 29 16 1051 169
5455 3 13 685 443
5454 10 3 1886 632
5453 16 13 1121 641
5452 7 13 898 325
5451 7 10 1630 963
5450 3 23 571 632
5449 29 29 763 971
5448 7 29 743 826
5447 28 19 828 888
5446 10 13 347 187
5445 10 13 419 950
5444 19 13 1040 651
5443 26 26 716 445
5442 13 3 795 302
5441 29 29 969 833
5440 22 16 1819 768
5439 6 19 996 631
5438 10 6 1747 577
5437 3 16 501 692
5436 16 16 527 1100
5435 7 10 1672 419
5434 16 26 1789 1077
5433 23 3 1396 143
5432 26 10 574 593
5431 19 26 836 356
5430 3 16 220 351
5429 7 7 501 800
5428 19 3 762 269
5427 3 13 1210 892
5426 10 6 1765 970
5425 3 19 600 422
5424 29 23 1148 789
5423 10 29 1194 399
5422 25 28 1521 284
5421 19 28 213 755
5420 16 29 1739 656
5419 3 13 633 583
5418 3 16 220 351
5417 26 16 403 402
5416 10 22 1694 969
5415 3 19 600 422
5414 29 20 1160 237
5413 3 10 1791 520
5412 25 22 471 448
5411 22 28 1002 795
5410 22 10 1233 546
5409 9 13 1442 168
5408 16 6 1188 697
5407 6 22 562 614
5406 13 20 1925 840
5405 13 29 626 332
5404 7 29 598 161
5403 26 29 610 917
5402 13 29 1255 923
5401 20 23 204 293
5400 6 19 996 631
5399 16 16 527 1100
5398 9 25 1529 1008
5397 6 22 666 504
5396 26 26 1261 1009
5395 22 22 930 324
5394 10 19 709 692
5393 13 13 1679 146
5392 13 3 466 937
5391 6 22 666 504
5390 16 29 1694 404
5389 19 9 1897 881
5388 29 26 1522 215
5387 3 16 220 351
5386 26 22 1165 1100
5385 13 20 1951 729
5384 13 6 580 558
5383 13 6 1699 1020
5382 29 22 561 236
5381 3 16 1456 192
5380 3 13 685 443
5379 16 16 878 697
5378 22 10 1233 546
5377 22 28 1717 549
5376 3 16 1456 192
5375 16 29 1730 638
5374 23 29 1232 389
5373 13 10 738 190
5372 22 19 287 752
5371 10 29 1488 1094
5370 16 10 1508 454
5369 20 16 851 446
5368 23 16 1918 1042
5367 13 16 1785 297
5366 6 13 1713 686
5365 9 9 427 447
5364 19 9 1059 580
5363 3 7 1565 226
5362 20 16 823 524
5361 20 7 386 964
5360 25 28 1370 535
5359 22 13 1897 272
5358 26 26 1261 1009
5357 3 13 472 300
5356 26 22 1348 605
5355 22 22 626 1048
5354 9 6 1467 681
5353 10 16 1202 634
5352 16 26 1590 728
5351 25 13 546 1056
5350 9 13 211 1039
5349 7 16 764 617
5348 9 13 211 1039
5347 23 20 437 996
5346 26 26 1261 1009
5345 10 29 1065 111
5344 19 22 1719 159
5343 3 13 472 300
5342 3 16 220 351
5341 29 10 243 775
5340 22 19 1628 332
5339 28 16 827 999
5338 3 3 699 786
5337 3 13 1502 270
5336 29 29 969 833
5335 20 16 1200 991
5334 6 19 1243 977
5333 19 19 1990 106
5332 9 22 452 901
5331 19 28 213 755
5330 28 19 1240 826
5329 7 20 1241 674
5328 26 19 1397 1043
5327 29 10 243 775
5326 16 28 935 528
5325 13 26 396 664
5324 22 22 265 766
5323 6 22 794 783
5322 13 3 455 292
5321 26 26 1170 838
5320 19 28 213 755
5319 10 26 1229 237
5318 25 25 371 509
5317 3 13 1306 202
5316 13 3 699 1056
5315 16 22 491 581
5314 28 6 1208 309
5313 23 7 936 609
5312 25 28 521 989
5311 29 29 763 971
5310 3 7 1565 226
5309 3 20 1645 316
5308 13 3 621 723
5307 25 28 521 989
5306 9 13 211 1039
5305 16 29 1142 878
5304 22 16 644 313
5303 13 9 820 552
5302 7 29 743 826
5301 7 23 1303 229
5300 16 16 527 1100
5299 16 13 1121 641
5298 7 3 1823 958
5297 22 28 1002 795
5296 23 23 1366 481
5295 22 19 287 752
5294 28 6 1636 436
5293 7 20 412 756
5292 23 23 1382 991
5291 22 19 287 752
5290 16 10 1081 1064
5289 28 6 707 517
5288 16 29 1593 882
5287 19 13 1537 614
5286 29 22 561 236
5285 22 16 1819 768
5284 29 26 719 600
5283 26 16 403 402
5282 20 10 1663 207
5281 19 22 1719 159
5280 3 19 585 827
5279 3 16 501 692
5278 10 29 676 526
5277 13 6 580 558
5276 22 22 318 898
5275 16 29 1593 882
5274 3 10 984 463
5273 19 19 873 118
5272 19 22 1719 159
5271 25 19 1753 524
5270 22 3 480 1037
5269 28 25 952 377
5268 9 9 1137 1019
5267 26 22 1348 605
5266 7 13 898 325
5265 23 29 1789 900
5264 16 29 1002 441
5263 19 25 854 790
5262 3 10 984 463
5261 26 16 403 402
5260 3 16 1456 192
5259 20 7 894 300
5258 3 19 585 827
5257 19 22 1260 355
5256 9 13 211 1039
5255 7 26 1166 552
5254 25 19 1889 468
5253 6 19 486 789
5252 6 3 1347 609
5251 9 19 1281 241
5250 3 16 220 351
5249 6 26 1143 180
5248 13 9 1857 1017
5247 6 22 562 614
5246 22 9 1805 279
5245 19 13 884 455
5244 3 13 530 916
5243 22 10 1233 546
5242 16 28 1863 653
5241 26 22 1065 616
5240 3 20 1434 362
5239 3 13 633 583
5238 22 13 293 191
5237 23 20 437 996
5236 25 22 580 176
5235 3 16 1105 256
5234 6 19 406 430
5233 19 13 1875 107
5232 25 16 1200 591
5231 13 26 1253 542
5230 25 6 647 415
5229 29 13 1014 130
5228 6 22 666 504
5227 26 29 1233 434
5226 13 6 1062 195
5225 19 22 1719 159
5224 13 10 483 694
5223 19 22 735 193
5222 26 29 1233 434
5221 22 10 1233 546
5220 22 16 644 313
5219 29 16 1369 817
5218 22 22 265 766
5217 16 3 279 744
5216 29 29 969 833
5215 10 16 1202 634
5214 3 22 1662 201
5213 22 25 1227 810
5212 26 16 403 402
5211 3 10 579 103
5210 25 6 216 182
5209 6 13 1713 686
5208 23 29 1232 389
5207 26 20 1645 318
5206 7 3 1823 958
5205 22 25 224 467
5204 9 13 211 1039
5203 22 22 265 766
5202 3 23 1410 1028
5201 16 16 287 918
5200 23 16 868 608
5199 6 29 1800 116
5198 6 6 1921 197
5197 13 16 1838 354
5196 19 19 1990 106
5195 3 3 355 869
5194 26 6 774 314
5193 16 13 1121 641
5192 26 26 496 520
5191 6 22 666 504
5190 16 16 706 408
5189 29 10 1463 145
5188 23 7 936 609
5187 22 10 1079 154
5186 20 23 1325 338
5185 6 6 564 1017
5184 6 29 1859 261
5183 3 3 715 977
5182 13 10 738 190
5181 13 9 820 552
5180 7 26 1257 632
5179 19 3 522 1009
5178 23 20 1786 1041
5177 6 10 713 921
5176 13 13 1679 146
5175 13 29 1511 325
5174 6 6 564 1017
5173 25 22 1331 509
5172 26 6 1156 1073
5171 13 29 719 531
5170 3 13 1306 202
5169 19 26 309 271
5168 6 19 996 631
5167 26 16 1296 524
5166 29 16 584 203
5165 19 13 1784 152
5164 10 29 1194 399
5163 6 6 779 122
5162 23 16 1936 498
5161 6 19 1591 138
5160 6 13 1201 715
5159 19 25 1263 748
5158 10 7 1801 301
5157 29 20 1160 237
5156 6 10 1572 528
5155 16 29 1730 638
5154 6 22 562 614
5153 13 13 967 355
5152 20 23 1325 338
5151 19 6 324 237
5150 9 9 427 447
5149 3 19 600 422
5148 13 6 1699 1020
5147 22 29 1500 828
5146 3 3 355 869
5145 10 29 1194 399
5144 26 22 1065 616
5143 22 10 1233 546
5142 10 29 1194 399
5141 22 22 265 766
5140 16 13 1718 114
5139 19 10 1820 348
5138 10 23 1205 1088
5137 25 22 861 590
5136 20 20 418 893
5135 13 29 719 531
5134 13 23 560 244
5133 13 26 1639 927
5132 13 6 1987 926
5131 13 29 1511 325
5130 25 19 1753 524
5129 3 3 1563 535
5128 16 6 1907 397
5127 26 29 610 917
5126 26 6 774 314
5125 16 22 1579 619
5124 10 3 547 766
5123 3 13 1210 892
5122 7 7 1524 189
5121 19 13 1875 107
5120 9 22 909 192
5119 19 6 1204 453
5118 3 19 901 980
5117 10 7 1801 301
5116 16 3 1518 1053
5115 20 13 636 446
5114 16 20 816 1079
5113 20 16 1200 991
5112 7 20 1577 1043
5111 19 28 946 1021
5110 19 9 1897 881
5109 3 23 571 632
5108 22 19 1628 332
5107 20 20 418 893
5106 3 19 585 827
5105 6 3 615 970
5104 26 13 1295 104
5103 6 6 631 145
5102 28 22 1166 491
5101 19 26 836 356
5100 3 3 699 786
5099 19 6 1204 453
5098 6 6 564 1017
5097 7 26 634 751
5096 13 13 1710 800
5095 3 3 1563 535
5094 26 22 1165 1100
5093 23 26 1594 1052
5092 16 29 1002 441
5091 16 22 491 581
5090 20 13 848 198
5089 25 28 724 816
5088 7 16 764 617
5087 20 13 636 446
5086 22 10 1233 546
5085 26 22 1065 616
5084 29 20 1160 237
5083 13 10 629 410
5082 29 10 243 775
5081 6 26 1291 1035
5080 26 10 574 593
5079 6 13 1713 686
5078 22 16 1598 841
5077 13 3 455 292
5076 13 23 916 1026
5075 6 22 597 540
5074 19 10 1820 348
5073 22 22 930 324
5072 26 13 1295 104
5071 9 6 1467 681
5070 6 3 1347 609
5069 10 13 347 187
5068 7 3 1607 273
5067 10 6 1765 970
5066 13 20 1925 840
5065 28 9 1185 918
5064 25 6 653 107
5063 10 10 553 631
5062 16 19 1873 697
5061 22 10 1848 196
5060 19 19 1990 106
5059 6 16 647 872
5058 13 6 223 597
5057 9 25 1529 1008
5056 3 13 530 916
5055 19 13 1688 640
5054 3 19 754 984
5053 23 16 868 608
5052 19 22 691 728
5051 19 28 512 778
5050 25 28 1370 535
5049 13 25 550 100
5048 16 29 1739 656
5047 10 26 410 192
5046 3 19 1928 713
5045 3 13 1313 1080
5044 22 3 1492 283
5043 29 13 1014 130
5042 22 22 265 766
5041 16 3 477 194
5040 29 10 1657 287
5039 9 6 748 381
5038 16 3 262 658
5037 16 22 1579 619
5036 20 13 636 446
5035 13 13 1679 146
5034 3 13 1306 202
5033 10 6 542 430
5032 25 13 546 1056
5031 3 10 1475 786
5030 22 25 1227 810
5029 13 22 590 660
5028 3 13 355 737
5027 7 20 1577 1043
5026 22 28 1002 795
5025 25 6 216 182
5024 22 9 1805 279
5023 13 29 719 531
5022 26 7 738 375
5021 23 16 868 608
5020 7 26 1257 632
5019 19 22 1897 986
5018 3 3 575 287
5017 3 13 530 916
5016 23 29 957 387
5015 3 10 579 103
5014 13 25 1026 365
5013 7 10 801 919
5012 25 6 216 182
5011 16 13 707 359
5010 19 16 1489 751
5009 26 20 971 308
5008 25 6 653 107
5007 3 16 753 124
5006 13 6 1475 889
5005 16 3 1518 1053
5004 13 10 738 190
5003 19 13 1688 640
5002 16 16 878 697
5001 22 19 783 277
5000 23 23 881 353
4999 3 13 1313 1080
4998 3 20 1645 316
4997 23 16 1918 1042
4996 6 22 666 504
4995 26 26 1261 1009
4994 3 13 472 300
4993 3 16 753 124
4992 26 29 267 777
4991 6 19 406 430
4990 7 3 1823 958
4989 20 23 204 293
4988 16 6 755 874
4987 29 16 584 203
4986 23 16 1918 1042
4985 7 20 1241 674
4984 22 3 1492 283
4983 26 16 403 402
4982 16 29 1083 521
4981 19 3 1982 619
4980 19 19 1956 207
4979 10 26 1843 187
4978 3 13 355 737
4977 6 10 1572 528
4976 19 22 691 728
4975 13 20 1951 729
4974 13 3 203 818
4973 26 16 1303 358
4972 23 23 1366 481
4971 7 13 1210 414
4970 16 10 396 514
4969 16 3 477 194
4968 25 22 1331 509
4967 3 13 1502 270
4966 22 28 1002 795
4965 3 3 355 869
4964 16 29 1739 656
4963 28 22 1166 491
4962 19 3 522 1009
4961 26 22 1348 605
4960 13 10 738 190
4959 16 3 279 744
4958 10 29 1194 399
4957 26 22 1513 447
4956 13 6 1699 1020
4955 13 29 626 332
4954 19 28 486 840
4953 25 22 1331 509
4952 19 13 1784 152
4951 19 28 486 840
4950 13 6 1062 195
4949 25 6 216 182
4948 19 6 1813 756
4947 22 25 1227 810
4946 29 10 1657 287
4945 19 22 691 728
4944 9 19 775 997
4943 16 13 1718 114
4942 22 13 709 953
4941 29 26 1522 215
4940 7 7 828 643
4939 22 16 644 313
4938 26 26 1790 648
4937 10 26 410 192
4936 19 3 1547 279
4935 25 22 1331 509
4934 20 10 1663 207
4933 20 23 1551 986
4932 22 9 1805 279
4931 22 3 1492 283
4930 10 13 1315 328
4929 6 19 406 430
4928 3 13 685 443
4927 19 25 844 478
4926 13 10 606 592
4925 3 22 1662 201
4924 25 22 861 590
4923 13 29 1255 923
4922 3 16 1391 846
4921 22 10 1848 196
4920 16 3 227 464
4919 20 20 418 893
4918 16 13 1477 513
4917 3 19 952 540
4916 23 29 1232 389
4915 10 19 709 692
4914 26 10 574 593
4913 10 26 1229 237
4912 29 20 1160 237
4911 16 3 836 819
4910 13 3 203 818
4909 22 3 1492 283
4908 10 10 1285 483
4907 16 6 1907 397
4906 9 19 1281 241
4905 10 29 1488 1094
4904 16 13 367 703
4903 13 29 1255 923
4902 26 19 244 1055
4901 3 19 754 984
4900 13 6 1699 1020
4899 10 22 1694 969
4898 26 19 1397 1043
4897 10 29 1065 111
4896 3 23 697 699
4895 16 16 878 697
4894 29 16 584 203
4893 20 3 1785 160
4892 3 13 751 234
4891 7 10 1630 963
4890 20 10 1569 720
4889 25 22 580 176
4888 19 22 1804 622
4887 16 10 1309 888
4886 23 7 936 609
4885 22 13 709 953
4884 13 26 1639 927
4883 29 19 1268 1095
4882 16 23 746 416
4881 7 29 743 826
4880 23 23 881 353
4879 7 16 764 617
4878 6 6 442 900
4877 3 3 355 869
4876 16 29 1142 878
4875 19 13 1537 614
4874 25 16 620 1002
4873 26 22 1165 1100
4872 29 10 1657 287
4871 3 3 1563 535
4870 19 13 1040 651
4869 13 6 580 558
4868 3 13 685 443
4867 7 23 1303 229
4866 16 16 772 229
4865 13 23 560 244
4864 9 22 452 901
4863 10 29 1065 111
4862 16 6 1188 697
4861 29 26 1724 482
4860 19 3 522 1009
4859 3 19 901 980
4858 10 3 547 766
4857 10 6 1765 970
4856 19 16 1012 845
4855 19 25 844 478
4854 16 10 396 514
4853 22 19 470 470
4852 6 29 1800 116
4851 26 26 1261 1009
4850 13 6 223 597
4849 3 3 575 287
4848 19 3 784 755
4847 28 16 827 999
4846 3 19 600 422
4845 16 19 1873 697
4844 23 3 1396 143
4843 26 6 774 314
4842 19 22 1440 777
4841 22 19 470 470
4840 19 16 1351 615
4839 10 10 588 654
4838 26 29 267 777
4837 19 13 1537 614
4836 29 26 1522 215
4835 9 22 909 192
4834 22 28 347 1058
4833 16 3 477 194
4832 22 19 783 277
4831 16 16 1633 195
4830 16 16 1633 195
4829 7 13 1210 414
4828 20 26 1863 104
4827 10 3 547 766
4826 10 19 709 692
4825 23 16 868 608
4824 20 13 636 446
4823 19 9 1897 881
4822 10 7 1801 301
4821 13 6 1699 1020
4820 22 22 930 324
4819 3 7 1565 226
4818 3 16 753 124
4817 7 13 1210 414
4816 13 3 455 292
4815 3 13 685 443
4814 13 6 490 406
4813 22 25 1227 810
4812 7 23 1303 229
4811 22 16 1598 841
4810 19 16 1319 385
4809 3 22 940 937
4808 16 29 533 935
4807 3 16 1796 762
4806 16 3 477 194
4805 25 13 546 1056
4804 13 29 626 332
4803 7 23 1303 229
4802 16 23 746 416
4801 28 6 1953 299
4800 9 6 748 381
4799 6 16 618 1039
4798 26 6 774 314
4797 13 10 738 190
4796 13 16 1894 625
4795 7 20 1880 705
4794 7 20 1880 705
4793 9 6 748 381
4792 3 9 1558 1056
4791 26 19 1397 1043
4790 7 16 764 617
4789 10 23 1205 1088
4788 3 13 1313 1080
4787 16 3 279 744
4786 10 22 1694 969
4785 28 6 1208 309
4784 22 25 914 337
4783 6 29 1859 261
4782 3 13 685 443
4781 22 22 265 766
4780 13 20 1951 729
4779 7 13 898 325
4778 7 26 634 751
4777 13 3 699 1056
4776 7 20 1880 705
4775 25 13 609 1070
4774 29 10 1463 145
4773 26 16 403 402
4772 3 19 754 984
4771 9 19 775 997
4770 7 20 412 756
4769 3 13 1907 307
4768 23 26 1594 1052
4767 20 16 1200 991
4766 3 3 699 786
4765 28 6 1065 121
4764 13 22 590 660
4763 22 28 1717 549
4762 6 26 1291 1035
4761 25 13 1251 384
4760 7 13 1210 414
4759 10 10 553 631
4758 13 10 606 592
4757 25 28 521 989
4756 23 26 1594 1052
4755 9 16 814 281
4754 9 9 1137 1019
4753 16 3 704 1025
4752 3 22 940 937
4751 16 6 1188 697
4750 16 6 1332 642
4749 7 26 634 751
4748 13 16 1785 297
4747 10 26 1843 187
4746 19 16 1489 751
4745 19 3 762 269
4744 6 6 1058 294
4743 25 28 521 989
4742 3 19 600 422
4741 23 7 983 372
4740 20 13 1542 128
4739 10 10 1285 483
4738 3 19 1432 1051
4737 13 9 1857 1017
4736 13 6 1475 889
4735 16 16 527 1100
4734 26 7 618 442
4733 3 13 530 916
4732 7 29 743 826
4731 3 13 1306 202
4730 3 19 1432 1051
4729 7 23 1303 229
4728 19 13 1688 640
4727 29 16 1051 169
4726 3 3 699 786
4725 26 19 244 1055
4724 6 29 1859 261
4723 19 19 1990 106
4722 29 10 243 775
4721 16 29 1694 404
4720 7 7 1524 189
4719 22 13 226 631
4718 22 3 480 1037
4717 19 16 1012 845
4716 3 10 1791 520
4715 19 3 1814 369
4714 19 19 873 118
4713 13 10 606 592
4712 16 6 1188 697
4711 25 22 580 176
4710 26 6 774 314
4709 6 6 779 122
4708 10 26 1229 237
4707 23 16 1936 498
4706 19 3 762 269
4705 19 19 1990 106
4704 3 10 984 463
4703 10 26 1843 187
4702 6 19 1591 138
4701 10 10 1856 576
4700 3 16 753 124
4699 7 7 828 643
4698 26 22 1487 269
4697 16 20 816 1079
4696 7 26 1257 632
4695 7 3 1607 273
4694 25 22 861 590
4693 6 3 1347 609
4692 26 16 1303 358
4691 3 13 685 443
4690 16 16 772 229
4689 16 29 1883 380
4688 13 9 820 552
4687 16 13 654 720
4686 6 6 1058 294
4685 3 13 355 737
4684 6 28 1820 271
4683 25 6 653 107
4682 3 20 1645 316
4681 29 23 1148 789
4680 9 25 849 1008
4679 13 6 580 558
4678 10 26 1843 187
4677 13 10 606 592
4676 19 13 1904 276
4675 29 29 1019 326
4674 16 16 772 229
4673 13 3 699 1056
4672 19 29 1523 353
4671 19 3 784 755
4670 26 26 716 445
4669 25 28 1370 535
4668 19 22 1719 159
4667 6 13 1201 715
4666 23 20 1786 1041
4665 29 29 1019 326
4664 7 23 1303 229
4663 3 16 1456 192
4662 16 23 746 416
4661 3 19 754 984
4660 26 29 610 917
4659 10 29 1065 111
4658 16 16 706 408
4657 6 16 1023 132
4656 10 26 1843 187
4655 3 3 575 287
4654 6 29 834 900
4653 19 22 691 728
4652 29 16 1442 123
4651 16 28 935 528
4650 20 20 418 893
4649 22 25 224 467
4648 10 6 1765 970
4647 16 22 491 581
4646 3 10 1475 786
4645 3 3 1563 535
4644 7 13 898 325
4643 7 10 801 919
4642 3 13 1313 1080
4641 22 3 480 1037
4640 19 25 854 790
4639 3 10 1475 786
4638 23 29 1789 900
4637 29 10 483 1038
4636 26 22 1065 616
4635 22 10 1233 546
4634 3 10 1475 786
4633 6 19 1185 822
4632 16 6 1907 397
4631 13 10 629 410
4630 3 22 1768 195
4629 9 6 1467 681
4628 22 9 1805 279
4627 19 25 844 478
4626 25 6 216 182
4625 16 13 1121 641
4624 6 6 1921 197
4623 9 22 452 901
4622 3 13 472 300
4621 26 26 1170 838
4620 6 16 647 872
4619 13 16 1838 354
4618 19 13 1040 651
4617 26 13 1295 104
4616 25 28 724 816
4615 13 16 1894 625
4614 22 22 318 898
4613 13 16 1785 297
4612 25 25 371 509
4611 6 16 1023 132
4610 29 13 1014 130
4609 13 6 1475 889
4608 3 19 1928 713
4607 23 23 881 353
4606 29 26 719 600
4605 19 16 1489 751
4604 7 10 1672 419
4603 19 19 1437 576
4602 20 23 1236 246
4601 28 16 827 999
4600 7 3 1823 958
4599 3 16 1796 762
4598 25 6 216 182
4597 13 3 203 818
4596 16 19 1193 338
4595 29 23 1148 789
4594 19 6 217 732
4593 29 10 1657 287
4592 23 20 1786 1041
4591 16 29 1083 521
4590 19 26 836 356
4589 7 7 501 800
4588 28 9 1185 918
4587 26 6 1156 1073
4586 29 10 243 775
4585 10 16 1202 634
4584 3 19 600 422
4583 19 25 844 478
4582 20 23 1236 246
4581 16 26 1590 728
4580 16 16 772 229
4579 20 7 894 300
4578 7 3 1607 273
4577 23 29 1232 389
4576 7 13 1210 414
4575 13 6 490 406
4574 23 7 936 609
4573 7 29 598 161
4572 25 19 1889 468
4571 16 10 1081 1064
4570 16 26 1590 728
4569 6 13 1201 715
4568 6 19 486 789
4567 19 9 1059 580
4566 22 13 1897 272
4565 9 6 1467 681
4564 7 3 1607 273
4563 6 6 442 900
4562 13 3 203 818
4561 19 22 735 193
4560 16 3 227 464
4559 16 16 772 229
4558 22 16 644 313
4557 19 6 1813 756
4556 16 28 1821 660
4555 3 19 585 827
4554 23 16 868 608
4553 10 13 414 478
4552 6 3 453 537
4551 19 25 854 790
4550 3 22 1662 201
4549 22 22 626 1048
4548 16 19 234 1001
4547 16 20 816 1079
4546 22 22 930 324
4545 9 13 1442 168
4544 23 26 1913 600
4543 20 10 1569 720
4542 6 19 1185 822
4541 19 19 873 118
4540 10 22 1694 969
4539 7 7 501 800
4538 16 13 367 703
4537 3 22 940 937
4536 16 26 1590 728
4535 28 6 1065 121
4534 20 13 636 446
4533 16 13 1121 641
4532 25 28 1909 396
4531 3 23 571 632
4530 7 10 1672 419
4529 3 20 1645 316
4528 7 7 1524 189
4527 16 3 1518 1053
4526 25 28 1370 535
4525 29 29 969 833
4524 10 26 410 192
4523 6 22 597 540
4522 19 28 213 755
4521 9 19 1281 241
4520 23 20 437 996
4519 28 19 828 888
4518 16 28 875 1094
4517 19 25 854 790
4516 26 22 1348 605
4515 26 6 1627 732
4514 22 16 1598 841
4513 16 6 1188 697
4512 19 3 1547 279
4511 23 29 957 387
4510 13 22 590 660
4509 19 25 305 782
4508 3 19 952 540
4507 26 19 244 1055
4506 3 10 1475 786
4505 26 29 1233 434
4504 26 22 1487 269
4503 13 10 483 694
4502 3 23 571 632
4501 16 6 1188 697
4500 23 26 1913 600
4499 13 25 1026 365
4498 26 22 1165 1100
4497 25 13 609 1070
4496 19 26 836 356
4495 13 25 550 100
4494 19 28 946 1021
4493 22 9 1805 279
4492 26 10 574 593
4491 16 22 491 581
4490 22 9 1805 279
4489 6 6 564 1017
4488 19 3 522 1009
4487 7 16 789 650
4486 29 19 1268 1095
4485 9 25 849 1008
4484 3 16 1105 256
4483 16 19 234 1001
4482 16 29 1083 521
4481 9 25 849 1008
4480 3 16 220 351
4479 22 22 318 898
4478 23 20 1536 804
4477 3 22 1768 195
4476 3 16 1391 846
4475 19 28 486 840
4474 3 13 1889 538
4473 19 28 512 778
4472 16 10 1309 888
4471 22 10 1079 154
4470 23 29 957 387
4469 3 13 1306 202
4468 22 16 1598 841
4467 29 10 1657 287
4466 9 9 427 447
4465 10 6 542 430
4464 23 20 437 996
4463 16 3 704 1025
4462 6 6 631 145
4461 25 22 1331 509
4460 25 28 221 802
4459 19 29 1523 353
4458 16 28 1863 653
4457 23 26 1594 1052
4456 16 3 279 744
4455 23 7 936 609
4454 26 29 1233 434
4453 19 26 309 271
4452 26 16 1296 524
4451 19 29 1523 353
4450 9 16 814 281
4449 13 26 1253 542
4448 13 25 1026 365
4447 29 26 1522 215
4446 25 22 471 448
4445 13 13 1710 800
4444 3 13 1907 307
4443 3 3 715 977
4442 6 29 834 900
4441 13 25 550 100
4440 16 29 533 935
4439 13 10 738 190
4438 13 13 1710 800
4437 3 23 1410 1028
4436 23 20 1786 1041
4435 13 16 1785 297
4434 13 9 820 552
4433 19 28 946 1021
4432 19 26 309 271
4431 13 13 1679 146
4430 6 22 597 540
4429 26 22 1165 1100
4428 6 29 1800 116
4427 13 20 1951 729
4426 16 29 1593 882
4425 23 29 1232 389
4424 13 9 1857 1017
4423 19 6 324 237
4422 3 13 530 916
4421 10 13 414 478
4420 16 13 1718 114
4419 10 29 676 526
4418 16 16 1633 195
4417 13 10 738 190
4416 3 13 472 300
4415 13 25 1467 1058
4414 22 3 480 1037
4413 13 6 490 406
4412 3 20 1645 316
4411 6 6 1445 1014
4410 16 13 671 726
4409 3 13 1889 538
4408 3 16 1391 846
4407 19 3 1814 369
4406 13 10 629 410
4405 19 3 1982 619
4404 16 3 227 464
4403 9 9 1137 1019
4402 7 26 634 751
4401 19 9 1059 580
4400 19 25 844 478
