id volume peso recompensa duração(s)
4399 22 16 1175 863
4398 22 3 338 357
4397 28 19 828 888
4396 20 20 418 893
4395 16 20 816 1079
4394 26 6 1156 1073
4393 16 3 704 1025
4392 3 3 715 977
4391 6 26 1991 318
4390 19 13 1904 276
4389 22 28 1002 795
4388 13 23 916 1026
4387 22 19 470 470
4386 26 20 1645 318
4385 20 3 1785 160
4384 19 10 1820 348
4383 16 29 1083 521
4382 16 29 1083 521
4381 26 19 244 1055
4380 23 29 1232 389
4379 16 28 1821 660
4378 23 20 1536 804
4377 9 16 814 281
4376 19 19 1437 576
4375 26 26 716 445
4374 22 13 709 953
4373 22 22 318 898
4372 13 3 466 937
4371 13 29 719 531
4370 3 13 1313 1080
4369 13 25 1467 1058
4368 3 10 579 103
4367 10 19 709 692
4366 6 10 1572 528
4365 28 9 1185 918
4364 28 6 707 517
4363 7 10 1672 419
4362 10 29 1194 399
4361 3 23 571 632
4360 9 6 748 381
4359 13 25 1467 1058
4358 19 13 1784 152
4357 7 13 898 325
4356 25 28 724 816
4355 7 16 789 650
4354 19 6 217 732
4353 16 19 1873 697
4352 28 6 1953 299
4351 28 16 827 999
4350 13 26 1639 927
4349 29 16 1051 169
4348 19 13 1875 107
4347 3 19 1432 1051
4346 19 3 762 269
4345 25 6 653 107
4344 28 6 707 517
4343 13 10 1614 331
4342 16 3 836 819
4341 19 22 735 193
4340 22 13 293 191
4339 9 19 1281 241
4338 13 6 1062 195
4337 3 16 501 692
4336 19 22 1719 159
4335 29 20 1991 704
4334 22 9 1509 598
4333 10 3 1886 632
4332 3 3 699 786
4331 28 6 1636 436
4330 13 10 629 410
4329 29 16 1442 123
4328 16 16 772 229
4327 26 29 1233 434
4326 22 22 265 766
4325 13 3 466 937
4324 6 13 1713 686
4323 16 23 746 416
4322 3 19 1432 1051
4321 22 3 338 357
4320 10 3 1886 632
4319 29 16 584 203
4318 3 23 697 699
4317 19 3 522 1009
4316 26 16 1296 524
4315 26 29 1233 434
4314 20 13 1054 815
4313 16 23 746 416
4312 26 29 1233 434
4311 19 13 1784 152
4310 19 22 735 193
4309 22 28 1717 549
4308 6 19 1591 138
4307 26 26 716 445
4306 13 20 1951 729
4305 22 25 914 337
4304 29 16 584 203
4303 19 6 217 732
4302 3 13 355 737
4301 3 3 699 786
4300 26 26 1261 1009
4299 29 26 1522 215
4298 20 26 1863 104
4297 29 29 763 971
4296 13 29 1511 325
4295 9 16 814 281
4294 13 3 455 292
4293 10 13 419 950
4292 9 6 1467 681
4291 13 13 1679 146
4290 3 10 1791 520
4289 22 29 1500 828
4288 3 13 1313 1080
4287 19 22 1200 449
4286 16 29 1083 521
4285 6 6 442 900
4284 26 22 1165 1100
4283 20 13 848 198
4282 19 6 1813 756
4281 9 13 211 1039
4280 16 3 279 744
4279 7 3 1607 273
4278 13 6 580 558
4277 9 25 849 1008
4276 10 16 1202 634
4275 16 3 704 1025
4274 28 6 1065 121
4273 3 22 940 937
4272 26 26 1170 838
4271 10 3 1886 632
4270 28 19 828 888
4269 19 22 1804 622
4268 29 13 1014 130
4267 22 29 1448 487
4266 22 28 347 1058
4265 3 20 1434 362
4264 6 6 1058 294
4263 13 22 590 660
4262 3 16 220 351
4261 3 13 1313 1080
4260 23 13 206 128
4259 10 10 1285 483
4258 6 19 406 430
4257 3 16 753 124
4256 19 9 1897 881
4255 28 6 1208 309
4254 6 16 618 1039
4253 19 22 1897 986
4252 13 9 1857 1017
4251 7 20 1241 674
4250 25 13 609 1070
4249 10 22 1694 969
4248 22 10 1848 196
4247 22 16 982 229
4246 29 19 1268 1095
4245 16 26 1789 1077
4244 23 20 1536 804
4243 7 10 801 919
4242 6 19 1185 822
4241 16 26 1590 728
4240 20 23 1551 986
4239 10 3 547 766
4238 6 26 1291 1035
4237 3 13 1502 270
4236 25 19 1889 468
4235 3 13 472 300
4234 22 16 1819 768
4233 7 29 743 826
4232 22 13 293 191
4231 23 20 1536 804
4230 10 3 547 766
4229 10 26 1229 237
4228 22 16 1598 841
4227 29 20 1704 502
4226 16 3 227 464
4225 6 19 486 789
4224 20 23 1325 338
4223 10 22 1694 969
4222 22 13 1897 272
4221 6 26 1143 180
4220 16 29 1883 380
4219 22 3 1492 283
4218 22 16 982 229
4217 6 6 1058 294
4216 6 3 1176 551
4215 19 13 1688 640
4214 16 22 1579 619
4213 16 6 1188 697
4212 13 13 1008 398
4211 3 16 1456 192
4210 6 16 647 872
4209 16 16 1633 195
4208 13 10 1614 331
4207 16 16 706 408
4206 13 13 1008 398
4205 26 7 618 442
4204 22 16 644 313
4203 26 22 1348 605
4202 25 22 861 590
4201 3 9 1558 1056
4200 22 28 1717 549
4199 28 22 1166 491
4198 19 22 1200 449
4197 26 6 1627 732
4196 19 19 1990 106
4195 3 13 751 234
4194 26 22 1513 447
4193 13 16 1785 297
4192 9 9 427 447
4191 20 16 851 446
4190 23 3 1396 143
4189 23 29 957 387
4188 25 6 653 107
4187 16 28 935 528
4186 19 28 486 840
4185 3 22 1662 201
4184 3 10 1475 786
4183 6 19 406 430
4182 25 16 620 1002
4181 26 16 1303 358
4180 20 23 204 293
4179 16 13 654 720
4178 16 10 396 514
4177 13 3 795 302
4176 25 6 647 415
4175 28 25 952 377
4174 7 7 1524 189
4173 19 13 1875 107
4172 16 29 1730 638
4171 16 19 1193 338
4170 10 29 676 526
4169 6 29 1800 116
4168 23 16 1918 1042
4167 6 10 713 921
4166 20 7 894 300
4165 3 3 1563 535
4164 26 26 716 445
4163 3 13 1889 538
4162 3 19 901 980
4161 28 19 828 888
4160 16 29 1730 638
4159 16 16 878 697
4158 26 29 610 917
4157 29 26 719 600
4156 3 3 355 869
4155 13 26 1253 542
4154 29 19 1268 1095
4153 23 20 1536 804
4152 25 6 216 182
4151 6 10 465 900
4150 3 13 685 443
4149 3 23 1410 1028
4148 19 28 486 840
4147 16 13 1718 114
4146 3 13 1907 307
4145 6 6 779 122
4144 19 3 1547 279
4143 20 13 636 446
4142 10 6 1747 577
4141 3 22 940 937
4140 20 23 1325 338
4139 3 16 1796 762
4138 26 6 774 314
4137 19 22 1200 449
4136 13 13 1714 399
4135 7 3 1823 958
4134 7 10 801 919
4133 25 28 724 816
4132 19 10 1820 348
4131 6 13 1201 715
4130 3 10 1475 786
4129 3 20 1645 316
4128 6 16 647 872
4127 7 20 412 756
4126 10 19 1278 267
4125 29 19 1268 1095
4124 9 25 1529 1008
4123 6 19 1185 822
4122 3 13 1313 1080
4121 29 13 1014 130
4120 19 10 1820 348
4119 25 22 1331 509
4118 26 22 1348 605
4117 6 6 631 145
4116 16 10 396 514
4115 16 29 1083 521
4114 26 6 774 314
4113 28 6 1065 121
4112 22 13 667 765
4111 28 16 827 999
4110 20 20 418 893
4109 22 6 683 553
4108 7 29 743 826
4107 25 22 861 590
4106 20 13 848 198
4105 25 28 521 989
4104 23 16 868 608
4103 16 6 1907 397
4102 7 26 1257 632
4101 25 28 724 816
4100 29 16 1442 123
4099 6 28 1820 271
4098 26 19 244 1055
4097 16 29 1694 404
4096 9 22 909 192
4095 23 26 1520 942
4094 19 6 1204 453
4093 22 29 1448 487
4092 6 19 996 631
4091 16 13 707 359
4090 23 26 1913 600
4089 26 26 1790 648
4088 3 13 633 583
4087 13 3 795 302
4086 16 13 654 720
4085 20 10 1663 207
4084 22 25 1227 810
4083 26 22 1513 447
4082 26 26 716 445
4081 19 25 844 478
4080 6 6 1058 294
4079 20 23 1236 246
4078 19 13 884 455
4077 26 22 1513 447
4076 3 16 501 692
4075 29 23 1148 789
4074 10 13 1315 328
4073 22 16 1175 863
4072 16 10 1309 888
4071 19 6 217 732
4070 3 9 1558 1056
4069 13 13 1714 399
4068 13 3 795 302
4067 6 6 1058 294
4066 7 7 828 643
4065 22 10 1848 196
4064 26 26 1790 648
4063 13 26 1073 1066
4062 19 13 1537 614
4061 3 13 1907 307
4060 13 3 699 1056
4059 20 7 894 300
4058 25 28 1521 284
4057 3 23 1410 1028
4056 19 6 324 237
4055 26 29 267 777
4054 16 26 1789 1077
4053 25 13 609 1070
4052 3 19 1432 1051
4051 19 9 1059 580
4050 6 6 1921 197
4049 9 13 211 1039
4048 7 7 501 800
4047 10 26 1843 187
4046 6 19 1591 138
4045 23 23 881 353
4044 26 20 971 308
4043 10 29 1065 111
4042 7 10 1672 419
4041 26 29 1233 434
4040 19 16 1319 385
4039 7 23 907 152
4038 19 25 854 790
4037 7 29 598 161
4036 16 10 1508 454
4035 22 25 914 337
4034 28 22 1166 491
4033 6 29 1859 261
4032 3 16 501 692
4031 10 10 588 654
4030 16 3 836 819
4029 25 6 647 415
4028 13 3 699 1056
4027 19 3 762 269
4026 16 16 527 1100
4025 23 29 957 387
4024 19 13 1904 276
4023 26 6 774 314
4022 16 16 527 1100
4021 22 9 1805 279
4020 26 22 1165 1100
4019 26 20 1645 318
4018 6 10 465 900
4017 6 10 465 900
4016 7 13 734 917
4015 16 10 1508 454
4014 13 29 626 332
4013 3 19 754 984
4012 7 10 801 919
4011 25 19 1753 524
4010 13 25 1026 365
4009 29 23 1148 789
4008 25 22 580 176
4007 13 13 1679 146
4006 22 13 226 631
4005 25 6 653 107
4004 22 3 480 1037
4003 23 26 1520 942
4002 13 6 1475 889
4001 19 16 1967 865
4000 20 13 848 198
3999 26 7 618 442
3998 13 3 795 302
3997 13 26 396 664
3996 7 23 1303 229
3995 7 16 764 617
3994 16 3 262 658
3993 22 29 1448 487
3992 23 16 868 608
3991 13 3 203 818
3990 13 3 455 292
3989 7 7 1524 189
3988 9 16 814 281
3987 3 3 715 977
3986 16 26 1789 1077
3985 6 6 564 1017
3984 16 28 1821 660
3983 22 19 602 291
3982 16 28 1863 653
3981 19 19 873 118
3980 3 16 1105 256
3979 26 16 403 402
3978 26 20 971 308
3977 16 3 262 658
3976 16 19 234 1001
3975 25 16 620 1002
3974 7 3 1823 958
3973 19 13 1784 152
3972 26 29 1233 434
3971 26 22 1487 269
3970 26 22 1513 447
3969 3 13 530 916
3968 7 23 1303 229
3967 28 6 1065 121
3966 10 13 414 478
3965 28 22 1166 491
3964 3 13 751 234
3963 3 23 571 632
3962 6 22 666 504
3961 10 26 1229 237
3960 23 29 1789 900
3959 22 16 644 313
3958 10 6 1765 970
3957 9 6 748 381
3956 16 29 533 935
3955 25 13 609 1070
3954 23 7 983 372
3953 13 25 550 100
3952 3 13 1210 892
3951 16 3 1518 1053
3950 16 29 1883 380
3949 20 23 1551 986
3948 29 16 1369 817
3947 19 22 1200 449
3946 10 6 1765 970
3945 3 13 1907 307
3944 13 23 916 1026
3943 26 26 1790 648
3942 28 6 1636 436
3941 3 16 1391 846
3940 23 23 1366 481
3939 22 13 1897 272
3938 3 3 715 977
3937 3 13 751 234
3936 6 3 453 537
3935 22 25 224 467
3934 23 26 1913 600
3933 19 22 735 193
3932 28 6 1065 121
3931 3 13 1907 307
3930 29 20 1991 704
3929 22 22 626 1048
3928 25 28 724 816
3927 22 13 1897 272
3926 6 16 1023 132
3925 23 20 437 996
3924 22 19 602 291
3923 19 3 784 755
3922 29 16 1369 817
3921 22 6 683 553
3920 22 25 1227 810
3919 6 22 562 614
3918 9 6 1467 681
3917 10 6 1765 970
3916 22 13 1897 272
3915 3 13 1502 270
3914 29 26 1724 482
3913 23 16 868 608
3912 3 10 1791 520
3911 23 26 1594 1052
3910 26 7 738 375
3909 26 22 1165 1100
3908 22 25 1227 810
3907 3 3 715 977
3906 13 13 1008 398
3905 19 22 1440 777
3904 29 16 1369 817
3903 7 10 1672 419
3902 10 13 1315 328
3901 7 20 1241 674
3900 10 6 1747 577
3899 3 20 1434 362
3898 29 16 1369 817
3897 16 10 1309 888
3896 16 3 262 658
3895 25 6 653 107
3894 13 23 560 244
3893 29 26 1522 215
3892 28 16 827 999
3891 25 22 580 176
3890 22 19 287 752
3889 13 10 1614 331
3888 16 6 755 874
3887 13 3 690 686
3886 13 10 629 410
3885 25 13 1251 384
3884 22 29 1500 828
3883 10 29 676 526
3882 23 20 437 996
3881 29 19 1268 1095
3880 19 25 844 478
3879 16 28 935 528
3878 7 10 801 919
3877 13 6 490 406
3876 25 22 580 176
3875 6 3 1176 551
3874 16 6 1188 697
3873 19 6 1204 453
3872 25 22 471 448
3871 16 22 491 581
3870 16 28 1863 653
3869 22 19 287 752
3868 7 20 1241 674
3867 7 26 1166 552
3866 9 13 1442 168
3865 9 6 748 381
3864 10 13 1315 328
3863 3 10 984 463
3862 19 19 1437 576
3861 3 23 1410 1028
3860 3 3 355 869
3859 22 13 709 953
3858 16 3 477 194
3857 3 22 1768 195
3856 9 22 452 901
3855 19 13 1875 107
3854 26 16 1303 358
3853 22 9 1509 598
3852 13 3 795 302
3851 23 26 1594 1052
3850 13 13 1710 800
3849 23 20 1786 1041
3848 13 3 621 723
3847 3 3 715 977
3846 22 13 226 631
3845 16 19 234 1001
3844 25 19 1753 524
3843 7 20 412 756
3842 20 16 851 446
3841 28 19 828 888
3840 26 29 1233 434
3839 3 20 1645 316
3838 7 20 1577 1043
3837 13 13 1008 398
3836 25 25 371 509
3835 10 26 1229 237
3834 3 13 530 916
3833 23 26 1520 942
3832 26 19 1397 1043
3831 26 22 1348 605
3830 3 23 1410 1028
3829 19 22 691 728
3828 7 23 1303 229
3827 16 19 1873 697
3826 7 13 734 917
3825 6 22 794 783
3824 6 19 406 430
3823 13 16 1894 625
3822 23 16 1936 498
3821 16 26 1590 728
3820 19 19 1956 207
3819 6 29 1859 261
3818 13 16 1894 625
3817 19 22 1440 777
3816 22 6 683 553
3815 3 3 1563 535
3814 9 19 1281 241
3813 16 28 935 528
3812 6 6 631 145
3811 19 28 512 778
3810 3 10 1791 520
3809 3 20 1645 316
3808 19 25 1263 748
3807 13 6 1987 926
3806 10 26 1229 237
3805 25 28 521 989
3804 9 16 814 281
3803 10 6 1747 577
3802 16 29 1730 638
3801 29 20 1160 237
3800 22 22 318 898
3799 19 26 836 356
3798 26 13 1295 104
3797 19 6 1204 453
3796 26 29 1233 434
3795 3 23 697 699
3794 16 29 1002 441
3793 10 10 1285 483
3792 13 6 223 597
3791 10 10 1856 576
3790 29 16 1369 817
3789 26 20 1645 318
3788 25 19 1753 524
3787 28 22 1166 491
3786 20 16 1200 991
3785 23 7 983 372
3784 20 10 1569 720
3783 16 13 707 359
3782 13 16 1894 625
3781 7 26 1257 632
3780 29 16 1442 123
3779 13 10 629 410
3778 7 20 1577 1043
3777 19 16 1012 845
3776 19 19 873 118
3775 26 7 738 375
3774 6 6 442 900
3773 29 10 483 1038
3772 29 10 243 775
3771 19 3 1547 279
3770 22 25 1227 810
3769 6 19 1591 138
3768 29 23 1148 789
3767 16 6 1907 397
3766 3 19 754 984
3765 20 10 1569 720
3764 19 19 873 118
3763 28 19 828 888
3762 9 13 211 1039
3761 13 9 820 552
3760 6 22 666 504
3759 6 28 1820 271
3758 26 7 618 442
3757 28 6 1208 309
3756 13 13 1710 800
3755 13 26 1253 542
3754 26 19 1397 1043
3753 19 22 1260 355
3752 13 25 550 100
3751 16 10 1081 1064
3750 3 13 633 583
3749 19 22 1719 159
3748 6 3 1176 551
3747 16 16 287 918
3746 6 3 1347 609
3745 9 13 211 1039
3744 7 13 1210 414
3743 19 22 1440 777
3742 26 10 574 593
3741 7 13 898 325
3740 6 19 996 631
3739 6 28 1820 271
3738 20 16 1200 991
3737 22 3 1565 763
3736 6 19 996 631
3735 22 19 783 277
3734 26 26 1170 838
3733 19 25 854 790
3732 3 13 355 737
3731 10 10 1285 483
3730 7 13 1210 414
3729 16 19 1193 338
3728 19 19 1990 106
3727 16 19 1193 338
3726 26 7 618 442
3725 7 29 598 161
3724 16 16 287 918
3723 23 29 1789 900
3722 6 26 1291 1035
3721 6 3 1347 609
3720 19 6 1204 453
3719 3 13 1889 538
3718 13 25 1026 365
3717 10 13 1315 328
3716 23 13 206 128
3715 7 26 1166 552
3714 3 13 1210 892
3713 29 26 1522 215
3712 13 6 223 597
3711 3 13 530 916
3710 13 26 1639 927
3709 20 10 1569 720
3708 16 3 704 1025
3707 28 19 828 888
3706 3 13 530 916
3705 19 3 1547 279
3704 3 16 753 124
3703 7 16 764 617
3702 25 6 653 107
3701 28 22 330 563
3700 13 6 223 597
3699 26 22 1065 616
3698 19 9 1897 881
3697 19 13 1537 614
3696 29 10 1463 145
3695 7 26 1257 632
3694 3 23 1410 1028
3693 22 16 1175 863
3692 6 3 453 537
3691 3 22 1768 195
3690 16 10 1508 454
3689 19 16 1351 615
3688 7 7 1524 189
3687 16 16 287 918
3686 19 6 324 237
3685 28 25 952 377
3684 13 26 1639 927
3683 6 6 442 900
3682 22 19 287 752
3681 29 26 719 600
3680 16 13 1718 114
3679 22 28 1717 549
3678 7 20 1880 705
3677 20 23 1236 246
3676 26 16 1296 524
3675 6 3 1347 609
3674 3 3 715 977
3673 3 3 575 287
3672 6 19 1591 138
3671 23 3 1396 143
3670 29 10 243 775
3669 20 16 851 446
3668 19 22 735 193
3667 16 28 1821 660
3666 16 6 1332 642
3665 9 22 452 901
3664 26 19 244 1055
3663 16 13 654 720
3662 10 29 1488 1094
3661 13 3 466 937
3660 16 23 746 416
3659 16 16 878 697
3658 9 25 849 1008
3657 6 22 597 540
3656 26 22 1165 1100
3655 3 19 1928 713
3654 16 29 1883 380
3653 6 26 1991 318
3652 13 10 629 410
3651 9 13 1442 168
3650 3 16 220 351
3649 22 19 602 291
3648 26 7 738 375
3647 3 13 685 443
3646 19 6 217 732
3645 13 23 1714 347
3644 16 16 772 229
3643 7 7 828 643
3642 26 26 716 445
3641 16 13 367 703
3640 22 3 480 1037
3639 19 6 324 237
3638 13 13 1714 399
3637 20 13 1054 815
3636 22 3 480 1037
3635 13 13 967 355
3634 13 13 1679 146
3633 19 22 691 728
3632 13 20 1925 840
3631 6 10 465 900
3630 20 16 823 524
3629 28 6 707 517
3628 16 6 1907 397
3627 6 19 1243 977
3626 19 13 1875 107
3625 22 16 644 313
3624 19 28 512 778
3623 23 7 936 609
3622 13 16 1838 354
3621 16 26 1590 728
3620 23 16 1918 1042
3619 25 22 580 176
3618 3 16 501 692
3617 29 10 1657 287
3616 16 3 1518 1053
3615 13 23 560 244
3614 26 29 610 917
3613 3 13 1502 270
3612 29 20 1160 237
3611 16 10 1081 1064
3610 13 13 967 355
3609 19 26 836 356
3608 22 3 1492 283
3607 23 29 1789 900
3606 7 13 898 325
3605 16 29 1593 882
3604 13 3 795 302
3603 19 22 735 193
3602 6 16 618 1039
3601 25 13 546 1056
3600 25 19 1753 524
3599 26 6 1156 1073
3598 20 10 1663 207
3597 6 28 1820 271
3596 26 26 716 445
3595 3 16 1105 256
3594 9 6 1467 681
3593 9 22 452 901
3592 25 19 1889 468
3591 13 26 1073 1066
3590 13 9 820 552
3589 22 25 224 467
3588 16 3 836 819
3587 26 26 496 520
3586 29 26 1724 482
3585 7 26 634 751
3584 22 29 1500 828
3583 28 6 1636 436
3582 13 26 1639 927
3581 20 10 1663 207
3580 16 13 654 720
3579 22 3 1565 763
3578 9 25 1529 1008
3577 3 3 575 287
3576 13 20 1951 729
3575 6 6 1445 1014
3574 19 26 309 271
3573 13 20 1925 840
3572 20 13 1542 128
3571 16 13 1718 114
3570 9 19 775 997
3569 22 16 1598 841
3568 25 13 609 1070
3567 10 3 547 766
3566 26 10 574 593
3565 23 20 437 996
3564 16 29 1730 638
3563 13 20 1925 840
3562 10 3 1886 632
3561 16 16 706 408
3560 3 3 699 786
3559 3 16 220 351
3558 13 13 1714 399
3557 16 16 706 408
3556 3 23 1410 1028
3555 13 26 396 664
3554 26 26 716 445
3553 13 23 1714 347
3552 28 6 1208 309
3551 10 16 1202 634
3550 19 29 1523 353
3549 26 13 1295 104
3548 16 13 1477 513
3547 16 20 816 1079
3546 19 9 1059 580
3545 29 20 1972 641
3544 16 13 707 359
3543 3 19 952 540
3542 7 20 1880 705
3541 3 22 940 937
3540 10 13 419 950
3539 10 29 1488 1094
3538 19 22 691 728
3537 28 22 330 563
3536 19 19 1956 207
3535 29 20 1704 502
3534 29 20 1160 237
3533 28 6 1953 299
3532 10 13 414 478
3531 3 20 1263 905
3530 16 10 396 514
3529 9 19 775 997
3528 23 26 1913 600
3527 26 19 244 1055
3526 13 9 820 552
3525 13 10 738 190
3524 6 26 1991 318
3523 29 20 1991 704
3522 6 22 562 614
3521 16 16 706 408
3520 3 13 633 583
3519 3 19 585 827
3518 25 28 521 989
3517 19 16 1012 845
3516 13 13 1714 399
3515 13 3 455 292
3514 25 28 1370 535
3513 7 20 412 756
3512 29 19 1268 1095
3511 6 3 1347 609
3510 20 23 1551 986
3509 19 22 1260 355
3508 16 22 491 581
3507 13 10 629 410
3506 20 23 1325 338
3505 19 19 1990 106
3504 10 6 542 430
3503 6 29 1859 261
3502 22 19 602 291
3501 3 13 1210 892
3500 7 26 634 751
3499 13 10 1614 331
3498 10 6 1765 970
3497 19 28 512 778
3496 20 13 848 198
3495 6 6 779 122
3494 19 16 1012 845
3493 16 16 772 229
3492 13 3 690 686
3491 25 16 620 1002
3490 28 6 1208 309
3489 23 29 1232 389
3488 25 16 620 1002
3487 20 10 1569 720
3486 19 16 1489 751
3485 3 10 1791 520
3484 20 10 1569 720
3483 3 13 1502 270
3482 13 26 396 664
3481 19 25 1263 748
3480 26 29 610 917
3479 22 3 338 357
3478 22 25 914 337
3477 10 29 676 526
3476 16 22 491 581
3475 19 28 946 1021
3474 9 6 748 381
3473 13 9 1857 1017
3472 26 16 1303 358
3471 23 16 1918 1042
3470 10 13 1315 328
3469 19 13 1784 152
3468 16 13 1477 513
3467 3 20 1645 316
3466 23 26 1913 600
3465 19 22 1719 159
3464 29 10 483 1038
3463 19 16 1489 751
3462 13 6 1987 926
3461 22 29 1500 828
3460 26 29 1233 434
3459 19 3 638 618
3458 26 20 1645 318
3457 19 22 1200 449
3456 23 7 983 372
3455 6 29 834 900
3454 22 9 1509 598
3453 16 26 1789 1077
3452 25 25 371 509
3451 9 6 748 381
3450 13 3 690 686
3449 7 13 734 917
3448 23 7 936 609
3447 16 28 935 528
3446 23 20 1536 804
3445 10 22 1694 969
3444 19 25 305 782
3443 3 19 901 980
3442 10 10 553 631
3441 22 29 1448 487
3440 23 16 868 608
3439 25 28 1521 284
3438 25 25 371 509
3437 28 6 707 517
3436 13 3 699 1056
3435 19 22 1260 355
3434 23 13 206 128
3433 22 28 347 1058
3432 26 29 267 777
3431 3 19 600 422
3430 16 29 1883 380
3429 25 16 1200 591
3428 13 29 1255 923
3427 10 7 1801 301
3426 26 22 1348 605
3425 7 23 907 152
3424 28 16 327 1010
3423 22 22 265 766
3422 22 19 1628 332
3421 16 29 1739 656
3420 26 26 1170 838
3419 10 10 553 631
3418 10 7 1801 301
3417 13 3 690 686
3416 13 22 590 660
3415 13 29 626 332
3414 13 23 560 244
3413 13 26 1253 542
3412 29 26 1522 215
3411 16 13 367 703
3410 19 19 1956 207
3409 26 26 1170 838
3408 7 26 1257 632
3407 22 13 1897 272
3406 3 3 355 869
3405 6 13 1713 686
3404 25 22 580 176
3403 19 16 1351 615
3402 16 13 654 720
3401 23 26 1913 600
3400 3 22 940 937
3399 10 6 1765 970
3398 19 22 1719 159
3397 16 28 1863 653
3396 10 13 1315 328
3395 25 22 471 448
3394 16 3 279 744
3393 6 6 442 900
3392 9 9 1137 1019
3391 3 16 1796 762
3390 10 29 676 526
3389 29 16 1051 169
3388 13 9 1857 1017
3387 3 3 1563 535
3386 28 22 1166 491
3385 16 13 707 359
3384 6 3 1347 609
3383 3 22 940 937
3382 19 16 1319 385
3381 3 7 1565 226
3380 23 29 957 387
3379 7 20 412 756
3378 20 20 418 893
3377 9 9 1137 1019
3376 19 16 1319 385
3375 22 28 1002 795
3374 23 16 1936 498
3373 20 23 1551 986
3372 19 9 1897 881
3371 13 10 483 694
3370 22 3 480 1037
3369 29 20 1991 704
3368 25 13 546 1056
3367 10 7 1801 301
3366 23 13 206 128
3365 26 6 1627 732
3364 26 26 716 445
3363 3 16 753 124
3362 13 10 738 190
3361 19 22 1200 449
3360 22 16 644 313
3359 26 19 244 1055
3358 6 3 1347 609
3357 16 29 533 935
3356 3 10 984 463
3355 26 20 1645 318
3354 20 16 851 446
3353 26 16 1303 358
3352 22 13 667 765
3351 23 26 1594 1052
3350 19 19 1437 576
3349 16 16 287 918
3348 6 6 1921 197
3347 7 23 1303 229
3346 16 6 1188 697
3345 16 29 1730 638
3344 7 16 764 617
3343 3 3 1563 535
3342 13 29 1511 325
3341 20 26 1863 104
3340 7 23 907 152
3339 28 25 952 377
3338 16 10 1508 454
3337 3 16 1796 762
3336 29 10 243 775
3335 7 7 501 800
3334 23 29 1232 389
3333 19 22 1200 449
3332 19 13 1040 651
3331 13 13 1710 800
3330 22 16 1175 863
3329 3 13 1306 202
3328 9 25 849 1008
3327 25 28 1521 284
3326 22 28 1717 549
3325 16 29 533 935
3324 22 13 226 631
3323 3 19 901 980
3322 13 6 1062 195
3321 16 3 477 194
3320 13 6 490 406
3319 16 13 671 726
3318 16 16 706 408
3317 20 7 386 964
3316 26 22 1487 269
3315 20 20 418 893
3314 9 9 427 447
3313 10 29 1488 1094
3312 16 10 1081 1064
3311 22 29 1448 487
3310 10 10 553 631
3309 22 16 1598 841
3308 16 22 491 581
3307 3 16 1391 846
3306 26 29 267 777
3305 29 10 483 1038
3304 9 22 909 192
3303 22 29 1448 487
3302 22 10 1848 196
3301 19 3 1982 619
3300 25 28 1370 535
3299 26 6 774 314
3298 7 10 801 919
3297 16 28 1863 653
3296 28 6 1636 436
3295 23 29 957 387
3294 22 10 1233 546
3293 29 16 584 203
3292 3 16 1796 762
3291 19 13 1040 651
3290 3 16 1456 192
3289 22 13 293 191
3288 20 7 894 300
3287 10 13 419 950
3286 26 22 1165 1100
3285 6 19 996 631
3284 9 16 814 281
3283 20 7 894 300
3282 20 13 1542 128
3281 22 13 293 191
3280 9 22 452 901
3279 3 19 901 980
3278 19 9 1897 881
3277 13 13 1714 399
3276 19 16 1489 751
3275 13 16 1785 297
3274 19 6 1204 453
3273 25 25 371 509
3272 6 3 453 537
3271 3 13 751 234
3270 22 28 1002 795
3269 6 19 1243 977
3268 6 19 1185 822
3267 26 20 1645 318
3266 23 7 983 372
3265 3 22 1662 201
3264 7 10 1630 963
3263 19 19 873 118
3262 6 22 597 540
3261 28 19 1240 826
3260 26 16 1296 524
3259 25 28 1909 396
3258 19 3 638 618
3257 16 16 287 918
3256 25 16 620 1002
3255 16 3 262 658
3254 10 22 1694 969
3253 16 3 836 819
3252 26 22 1628 925
3251 19 19 1956 207
3250 6 3 1176 551
3249 28 16 827 999
3248 9 19 1281 241
3247 6 19 1185 822
3246 16 3 477 194
3245 26 7 618 442
3244 19 16 1319 385
3243 10 10 588 654
3242 13 13 967 355
3241 13 26 1639 927
3240 26 26 1790 648
3239 26 10 574 593
3238 22 19 1628 332
3237 9 19 1281 241
3236 13 3 621 723
3235 6 29 1800 116
3234 6 16 618 1039
3233 6 3 615 970
3232 26 22 1348 605
3231 23 20 1786 1041
3230 3 10 984 463
3229 10 13 414 478
3228 13 13 967 355
3227 3 13 1889 538
3226 13 26 1639 927
3225 3 13 1210 892
3224 26 26 1790 648
3223 6 26 1143 180
3222 26 13 1295 104
3221 3 10 984 463
3220 19 22 1440 777
3219 19 3 784 755
3218 20 23 1551 986
3217 19 16 1967 865
3216 16 28 875 1094
3215 29 10 483 1038
3214 16 29 1739 656
3213 6 6 1058 294
3212 19 3 1814 369
3211 20 10 1663 207
3210 20 16 823 524
3209 16 22 1579 619
3208 3 19 901 980
3207 22 6 683 553
3206 26 26 1170 838
3205 29 16 1051 169
3204 7 26 1166 552
3203 10 13 347 187
3202 25 28 1370 535
3201 23 23 881 353
3200 20 13 1054 815
3199 28 6 1636 436
3198 7 23 907 152
3197 28 6 1208 309
3196 16 16 287 918
3195 20 13 848 198
3194 6 26 1991 318
3193 13 23 916 1026
3192 10 6 542 430
3191 6 10 1572 528
3190 6 6 1058 294
3189 22 22 930 324
3188 19 25 844 478
3187 16 13 1477 513
3186 6 6 1445 1014
3185 20 13 636 446
3184 20 13 636 446
3183 23 29 957 387
3182 16 29 1083 521
3181 6 6 631 145
3180 13 20 1925 840
3179 3 13 1502 270
3178 29 29 763 971
3177 10 10 588 654
3176 16 10 1309 888
3175 13 23 560 244
3174 19 25 305 782
3173 22 13 293 191
3172 26 13 1295 104
3171 13 26 396 664
3170 7 13 898 325
3169 29 20 1991 704
3168 7 7 501 800
3167 26 26 1170 838
3166 26 26 716 445
3165 19 6 1813 756
3164 6 16 618 1039
3163 29 16 1442 123
3162 13 9 1857 1017
3161 22 10 1079 154
3160 22 19 470 470
3159 19 26 836 356
3158 3 19 585 827
3157 13 13 1710 800
3156 16 19 1873 697
3155 19 13 1688 640
3154 22 10 1233 546
3153 19 13 1688 640
3152 9 6 1467 681
3151 20 10 1569 720
3150 19 28 213 755
3149 3 22 1662 201
3148 19 10 1820 348
3147 20 13 1054 815
3146 13 6 580 558
3145 16 3 1518 1053
3144 6 19 1591 138
3143 10 19 709 692
3142 6 16 647 872
3141 6 28 1820 271
3140 13 25 1026 365
3139 13 23 560 244
3138 22 13 226 631
3137 26 26 1790 648
3136 26 26 1170 838
3135 3 22 1662 201
3134 20 7 386 964
3133 16 13 707 359
3132 19 25 844 478
3131 6 16 1023 132
3130 6 26 1291 1035
3129 16 16 878 697
3128 16 28 935 528
3127 16 22 1579 619
3126 19 6 1813 756
3125 23 16 1936 498
3124 29 13 1014 130
3123 19 3 762 269
3122 29 29 1019 326
3121 16 10 1081 1064
3120 26 7 738 375
3119 10 19 709 692
3118 23 29 1789 900
3117 26 22 1628 925
3116 6 13 1713 686
3115 13 10 629 410
3114 6 6 1058 294
3113 10 3 1886 632
3112 25 22 1331 509
3111 13 23 916 1026
3110 29 20 1160 237
3109 3 22 1768 195
3108 6 26 1143 180
3107 7 16 789 650
3106 19 13 1875 107
3105 3 13 751 234
3104 13 25 1467 1058
3103 28 9 1185 918
3102 22 13 667 765
3101 16 13 707 359
3100 13 10 1614 331
3099 9 19 775 997
3098 20 13 1542 128
3097 25 16 1200 591
3096 16 28 875 1094
3095 13 6 223 597
3094 23 13 206 128
3093 19 22 1897 986
3092 3 20 1434 362
3091 3 3 575 287
3090 10 23 1205 1088
3089 28 22 330 563
3088 20 10 1569 720
3087 3 13 1502 270
3086 19 16 1967 865
3085 19 22 1260 355
3084 28 19 1240 826
3083 10 19 1278 267
3082 6 19 486 789
3081 19 3 1814 369
3080 13 13 1710 800
3079 3 16 1105 256
3078 3 10 1791 520
3077 10 23 1205 1088
3076 22 19 783 277
3075 19 16 1489 751
3074 3 13 751 234
3073 26 26 1261 1009
3072 22 9 1805 279
3071 29 29 763 971
3070 9 9 427 447
3069 6 26 1143 180
3068 6 13 1201 715
3067 10 10 1285 483
3066 10 19 1278 267
3065 16 29 1883 380
3064 16 28 935 528
3063 13 23 1714 347
3062 20 16 823 524
3061 22 10 1233 546
3060 10 10 1856 576
3059 19 13 1875 107
3058 9 13 211 1039
3057 6 16 618 1039
3056 16 10 396 514
3055 26 7 618 442
3054 19 13 884 455
3053 19 19 1956 207
3052 13 13 967 355
3051 6 22 562 614
3050 7 23 907 152
3049 26 20 971 308
3048 16 13 1718 114
3047 25 16 1200 591
3046 19 6 1204 453
3045 7 10 801 919
3044 16 13 671 726
3043 25 13 1251 384
3042 19 16 1351 615
3041 16 28 875 1094
3040 19 13 1040 651
3039 16 29 1593 882
3038 25 16 620 1002
3037 10 6 1747 577
3036 10 22 1694 969
3035 23 16 1918 1042
3034 26 22 1628 925
3033 16 16 878 697
3032 22 28 1717 549
3031 13 13 1710 800
3030 10 7 1801 301
3029 6 13 1201 715
3028 25 28 521 989
3027 28 6 1208 309
3026 16 19 1873 697
3025 10 23 1205 1088
3024 13 20 1925 840
3023 19 3 522 1009
3022 19 16 1489 751
3021 16 6 755 874
3020 22 29 1500 828
3019 26 29 267 777
3018 19 3 638 618
3017 3 16 753 124
3016 10 6 1747 577
3015 19 16 1967 865
3014 16 29 1002 441
3013 22 16 1175 863
3012 6 13 1201 715
3011 19 13 1040 651
3010 19 22 1804 622
3009 6 22 597 540
3008 7 16 789 650
3007 29 16 584 203
3006 6 19 486 789
3005 19 6 1813 756
3004 10 3 1641 417
3003 13 22 590 660
3002 10 6 1747 577
3001 9 22 452 901
3000 3 13 1306 202
2999 13 9 1857 1017
2998 29 10 1463 145
2997 13 22 590 660
2996 22 10 1079 154
2995 7 7 828 643
2994 7 20 1880 705
2993 29 26 719 600
2992 28 6 1953 299
2991 3 19 754 984
2990 29 16 1051 169
2989 13 10 1614 331
2988 16 28 1821 660
2987 25 25 371 509
2986 7 10 1672 419
2985 22 16 1819 768
2984 16 19 1193 338
2983 29 26 1724 482
2982 26 6 1156 1073
2981 23 20 1536 804
2980 16 29 1883 380
2979 19 6 324 237
2978 19 16 1012 845
2977 10 13 414 478
2976 13 6 1062 195
2975 3 20 1434 362
2974 7 26 1166 552
2973 22 9 1805 279
2972 16 19 234 1001
2971 13 6 1475 889
2970 3 22 1768 195
2969 22 3 338 357
2968 20 16 1200 991
2967 22 13 709 953
2966 3 19 600 422
2965 16 6 1332 642
2964 25 13 609 1070
2963 13 6 223 597
2962 16 3 836 819
2961 26 22 1065 616
2960 26 22 1513 447
2959 13 13 1679 146
2958 6 6 1058 294
2957 19 9 1897 881
2956 22 16 1175 863
2955 9 9 1137 1019
2954 26 6 774 314
2953 20 13 1542 128
2952 19 3 1547 279
2951 13 3 203 818
2950 6 29 1800 116
2949 22 22 930 324
2948 3 13 1907 307
2947 26 10 574 593
2946 22 22 626 1048
2945 26 26 716 445
2944 3 19 585 827
2943 13 29 1511 325
2942 16 6 755 874
2941 22 19 470 470
2940 26 26 496 520
2939 3 23 1410 1028
2938 13 6 1475 889
2937 22 13 667 765
2936 16 10 1309 888
2935 6 6 442 900
2934 20 13 636 446
2933 10 19 1278 267
2932 10 13 1315 328
2931 3 3 575 287
2930 6 19 1185 822
2929 10 3 547 766
2928 13 25 1467 1058
2927 23 3 1396 143
2926 10 3 1641 417
2925 13 25 550 100
2924 25 16 620 1002
2923 16 6 755 874
2922 13 26 1253 542
2921 20 16 1200 991
2920 23 20 437 996
2919 7 16 764 617
2918 6 19 996 631
2917 10 10 553 631
2916 22 3 480 1037
2915 19 26 836 356
2914 13 6 1987 926
2913 26 7 738 375
2912 3 16 1105 256
2911 6 3 1176 551
2910 22 13 293 191
2909 6 13 1201 715
2908 19 6 324 237
2907 19 28 213 755
2906 6 22 562 614
2905 22 16 982 229
2904 23 26 1520 942
2903 28 22 330 563
2902 20 3 1785 160
2901 10 13 1315 328
2900 7 29 743 826
2899 25 19 1753 524
2898 22 19 470 470
2897 23 23 1382 991
2896 23 26 1594 1052
2895 3 19 1928 713
2894 9 25 1529 1008
2893 19 22 1719 159
2892 19 13 1875 107
2891 13 6 1987 926
2890 13 10 738 190
2889 19 13 1875 107
2888 23 26 1913 600
2887 19 22 1440 777
2886 20 13 1054 815
2885 13 6 1699 1020
2884 10 10 1856 576
2883 13 3 466 937
2882 20 7 386 964
2881 25 28 1521 284
2880 16 13 1477 513
2879 10 19 1278 267
2878 22 13 709 953
2877 3 19 1928 713
2876 6 22 562 614
2875 19 13 1537 614
2874 13 6 580 558
2873 28 6 707 517
2872 16 3 704 1025
2871 19 28 213 755
2870 26 6 1156 1073
2869 10 10 1856 576
2868 29 26 719 600
2867 26 26 496 520
2866 3 19 901 980
2865 16 13 1718 114
2864 22 16 644 313
2863 6 22 597 540
2862 6 29 1859 261
2861 16 19 234 1001
2860 20 7 894 300
2859 19 13 1040 651
2858 22 22 318 898
2857 29 16 1369 817
2856 10 26 1843 187
2855 20 23 1325 338
2854 7 20 1880 705
2853 16 3 279 744
2852 23 26 1520 942
2851 16 13 671 726
2850 19 6 324 237
2849 19 6 1813 756
2848 16 28 1821 660
2847 19 25 854 790
2846 20 23 1551 986
2845 13 9 820 552
2844 23 26 1594 1052
2843 16 3 704 1025
2842 10 26 1229 237
2841 28 6 1065 121
2840 16 19 1873 697
2839 3 19 1432 1051
2838 16 13 1121 641
2837 9 19 775 997
2836 13 26 396 664
2835 19 28 946 1021
2834 3 16 1456 192
2833 26 13 1295 104
2832 3 3 715 977
2831 7 7 828 643
2830 16 16 706 408
2829 10 13 1315 328
2828 22 10 1079 154
2827 29 10 243 775
2826 16 19 234 1001
2825 23 29 957 387
2824 28 9 1185 918
2823 13 20 1925 840
2822 3 16 220 351
2821 6 26 1291 1035
2820 22 22 265 766
2819 10 22 1694 969
2818 16 29 1002 441
2817 7 3 1823 958
2816 19 22 1897 986
2815 16 6 1907 397
2814 26 29 610 917
2813 29 29 1019 326
2812 16 19 1873 697
2811 19 22 1804 622
2810 22 13 293 191
2809 10 26 410 192
2808 19 19 1437 576
2807 22 6 683 553
2806 26 6 1627 732
2805 13 13 1714 399
2804 26 22 1065 616
2803 19 22 735 193
2802 6 3 615 970
2801 13 23 560 244
2800 16 29 1142 878
2799 22 16 1598 841
2798 26 22 1513 447
2797 6 10 465 900
2796 13 3 466 937
2795 20 23 1236 246
2794 13 6 223 597
2793 22 3 480 1037
2792 22 19 470 470
2791 28 6 1953 299
2790 6 16 1023 132
2789 29 26 719 600
2788 28 19 1240 826
2787 3 13 1210 892
2786 3 10 1475 786
2785 7 7 501 800
2784 10 13 347 187
2783 26 22 1628 925
2782 23 26 1520 942
2781 6 19 1591 138
2780 13 16 1838 354
2779 3 3 575 287
2778 9 6 1467 681
2777 16 13 707 359
2776 6 22 794 783
2775 9 13 1442 168
2774 10 29 1065 111
2773 10 6 1765 970
2772 20 13 1542 128
2771 6 13 1201 715
2770 28 16 327 1010
2769 7 13 734 917
2768 25 28 724 816
2767 7 13 898 325
2766 6 16 647 872
2765 25 19 1889 468
2764 13 23 560 244
2763 19 19 1437 576
2762 6 6 631 145
2761 3 13 633 583
2760 23 23 881 353
2759 16 6 1907 397
2758 13 13 967 355
2757 3 13 1313 1080
2756 29 22 561 236
2755 22 16 1598 841
2754 7 26 634 751
2753 6 22 794 783
2752 9 13 211 1039
2751 6 10 465 900
2750 16 13 1477 513
2749 26 16 403 402
2748 25 22 471 448
2747 16 16 772 229
2746 19 19 873 118
2745 6 19 1243 977
2744 19 22 1200 449
2743 16 6 755 874
2742 29 29 763 971
2741 29 26 1522 215
2740 16 3 704 1025
2739 22 16 1819 768
2738 22 10 1079 154
2737 28 22 1166 491
2736 16 6 1907 397
2735 29 10 483 1038
2734 29 29 1019 326
2733 7 13 898 325
2732 3 19 952 540
2731 23 29 1232 389
2730 16 29 1883 380
2729 6 6 1445 1014
2728 13 16 1838 354
2727 26 6 1156 1073
2726 25 22 1331 509
2725 3 13 530 916
2724 7 16 789 650
2723 23 29 1789 900
2722 16 13 1121 641
2721 7 3 1823 958
2720 23 20 1786 1041
2719 22 3 480 1037
2718 6 19 1591 138
2717 16 13 1121 641
2716 13 3 466 937
2715 19 13 1784 152
2714 13 3 690 686
2713 7 7 501 800
2712 22 28 1717 549
2711 19 16 1489 751
2710 10 26 1843 187
2709 16 22 1579 619
2708 28 16 327 1010
2707 16 29 533 935
2706 16 13 707 359
2705 10 3 1886 632
2704 19 26 309 271
2703 13 10 738 190
2702 3 19 1928 713
2701 9 22 909 192
2700 13 10 483 694
2699 13 6 580 558
2698 13 29 719 531
2697 20 23 204 293
2696 23 26 1913 600
2695 7 7 1524 189
2694 16 29 1883 380
2693 28 22 330 563
2692 9 22 909 192
2691 23 26 1520 942
2690 19 6 1108 1031
2689 6 29 834 900
2688 26 29 267 777
2687 13 20 1925 840
2686 10 10 553 631
2685 22 19 1628 332
2684 13 25 550 100
2683 29 20 1704 502
2682 13 13 1008 398
2681 10 3 547 766
2680 20 13 1054 815
2679 26 29 610 917
2678 26 16 403 402
2677 7 16 764 617
2676 10 10 1285 483
2675 29 16 1442 123
2674 26 29 267 777
2673 10 10 1285 483
2672 13 10 738 190
2671 22 19 470 470
2670 29 20 1704 502
2669 16 10 1081 1064
2668 23 20 437 996
2667 6 26 1291 1035
2666 6 6 1921 197
2665 13 6 1062 195
2664 26 26 1170 838
2663 23 23 1366 481
2662 16 10 1309 888
2661 13 20 1925 840
2660 23 3 1396 143
2659 25 6 653 107
2658 25 6 216 182
2657 19 16 1351 615
2656 10 29 1488 1094
2655 20 7 894 300
2654 13 6 580 558
2653 19 25 1263 748
2652 3 13 472 300
2651 10 29 1065 111
2650 29 10 483 1038
2649 3 20 1645 316
2648 13 3 203 818
2647 23 7 983 372
2646 29 20 1704 502
2645 9 22 452 901
2644 10 19 1278 267
2643 23 3 1396 143
2642 13 3 699 1056
2641 26 7 738 375
2640 16 29 1883 380
2639 16 29 1083 521
2638 29 10 1463 145
2637 6 6 779 122
2636 16 13 1477 513
2635 25 28 221 802
2634 3 13 751 234
2633 7 23 1303 229
2632 6 10 1572 528
2631 23 16 1918 1042
2630 13 3 690 686
2629 26 7 618 442
2628 3 16 1105 256
2627 22 13 226 631
2626 25 28 724 816
2625 23 23 1382 991
2624 6 22 597 540
2623 10 6 1765 970
2622 28 6 707 517
2621 6 6 1445 1014
2620 19 9 1059 580
2619 3 13 1889 538
2618 19 3 1547 279
2617 26 13 1295 104
2616 19 29 1523 353
2615 10 19 1278 267
2614 16 10 1508 454
2613 25 6 216 182
2612 13 16 1785 297
2611 23 26 1520 942
2610 13 13 967 355
2609 29 13 1014 130
2608 19 13 1875 107
2607 13 23 916 1026
2606 13 26 1639 927
2605 22 29 1500 828
2604 10 29 676 526
2603 29 26 1522 215
2602 6 19 1243 977
2601 13 6 490 406
2600 23 20 1786 1041
2599 20 26 1863 104
2598 28 19 828 888
2597 26 26 496 520
2596 3 3 575 287
2595 13 3 690 686
2594 13 9 820 552
2593 23 20 1536 804
2592 23 26 1520 942
2591 3 13 1907 307
2590 16 3 477 194
2589 6 13 1713 686
2588 6 6 1921 197
2587 19 6 217 732
2586 22 16 1175 863
2585 19 13 1784 152
2584 19 3 522 1009
2583 16 3 1518 1053
2582 22 9 1509 598
2581 23 23 1382 991
2580 19 26 836 356
2579 6 6 442 900
2578 6 3 453 537
2577 7 7 1524 189
2576 3 10 1475 786
2575 16 3 279 744
2574 26 22 1628 925
2573 20 7 386 964
2572 19 3 762 269
2571 23 23 1366 481
2570 6 26 1291 1035
2569 22 13 1897 272
2568 25 22 471 448
2567 19 6 324 237
2566 16 28 1863 653
2565 19 3 1814 369
2564 7 13 898 325
2563 10 6 1765 970
2562 26 20 1645 318
2561 22 28 1717 549
2560 6 10 465 900
2559 16 16 772 229
2558 3 19 901 980
2557 3 13 355 737
2556 10 10 1856 576
2555 16 10 1309 888
2554 10 29 1488 1094
2553 23 20 1536 804
2552 29 20 1972 641
2551 28 6 1208 309
2550 13 26 396 664
2549 19 28 512 778
2548 13 25 1467 1058
2547 19 19 1990 106
2546 26 26 1261 1009
2545 23 23 881 353
2544 23 26 1913 600
2543 22 3 1492 283
2542 3 16 753 124
2541 10 6 542 430
2540 22 19 287 752
2539 19 6 1108 1031
2538 3 19 600 422
2537 7 10 1630 963
2536 3 20 1434 362
2535 19 13 1904 276
2534 22 19 287 752
2533 13 29 719 531
2532 29 20 1991 704
2531 16 10 1309 888
2530 16 13 367 703
2529 28 19 1240 826
2528 19 25 305 782
2527 16 6 755 874
2526 19 3 1547 279
2525 19 3 522 1009
2524 22 13 226 631
2523 16 19 1873 697
2522 25 6 647 415
2521 19 16 1351 615
2520 16 29 1694 404
2519 7 29 743 826
2518 10 16 1202 634
2517 20 7 386 964
2516 13 13 967 355
2515 26 22 1165 1100
2514 26 26 496 520
2513 26 22 1487 269
2512 16 19 234 1001
2511 13 25 1467 1058
2510 10 6 542 430
2509 13 6 1699 1020
2508 3 13 1210 892
2507 7 10 1630 963
2506 7 3 1607 273
2505 22 22 318 898
2504 6 6 779 122
2503 29 10 1463 145
2502 13 3 203 818
2501 16 6 755 874
2500 22 13 293 191
2499 29 16 1369 817
2498 10 3 1641 417
2497 16 20 816 1079
2496 22 29 1448 487
2495 22 3 1492 283
2494 6 19 1243 977
2493 16 22 1579 619
2492 26 29 267 777
2491 25 22 861 590
2490 19 16 1319 385
2489 22 29 1448 487
2488 16 16 772 229
2487 26 19 244 1055
2486 10 19 1278 267
2485 22 3 480 1037
2484 13 25 1467 1058
2483 6 6 1445 1014
2482 6 3 453 537
2481 22 22 626 1048
2480 6 10 713 921
2479 20 13 636 446
2478 29 10 1657 287
2477 10 29 1194 399
2476 10 6 1747 577
2475 19 22 1897 986
2474 29 22 561 236
2473 13 6 1475 889
2472 26 22 1065 616
2471 19 16 1319 385
2470 3 13 1889 538
2469 16 29 1739 656
2468 20 3 1785 160
2467 23 20 1536 804
2466 23 16 868 608
2465 26 22 1165 1100
2464 28 16 327 1010
2463 9 22 452 901
2462 9 19 1281 241
2461 7 23 907 152
2460 13 6 1062 195
2459 3 10 579 103
2458 28 6 1636 436
2457 3 9 1558 1056
2456 16 29 1593 882
2455 13 6 223 597
2454 7 20 1880 705
2453 16 10 1081 1064
2452 29 29 969 833
2451 7 26 1166 552
2450 20 10 1569 720
2449 25 6 647 415
2448 3 16 753 124
2447 3 20 1263 905
2446 19 3 1982 619
2445 6 29 834 900
2444 29 20 1704 502
2443 25 22 861 590
2442 25 13 546 1056
2441 19 22 1719 159
2440 16 3 262 658
2439 16 10 1508 454
2438 19 9 1059 580
2437 10 26 410 192
2436 26 26 1790 648
2435 29 10 483 1038
2434 19 22 691 728
2433 9 25 1529 1008
2432 13 25 550 100
2431 13 29 626 332
2430 22 6 683 553
2429 7 7 501 800
2428 19 13 1537 614
2427 23 16 868 608
2426 16 3 836 819
2425 28 19 1240 826
2424 13 16 1838 354
2423 3 3 699 786
2422 6 3 1176 551
2421 29 22 561 236
2420 16 29 1739 656
2419 22 19 470 470
2418 16 26 1789 1077
2417 25 28 1370 535
2416 16 26 1590 728
2415 19 28 946 1021
2414 9 6 748 381
2413 16 16 287 918
2412 16 10 1081 1064
2411 26 7 738 375
2410 3 13 472 300
2409 3 10 1791 520
2408 13 16 1894 625
2407 22 29 1448 487
2406 22 25 224 467
2405 22 19 470 470
2404 13 23 1714 347
2403 7 13 1210 414
2402 7 16 764 617
2401 7 20 1880 705
2400 26 13 1295 104
2399 3 13 1502 270
2398 9 6 748 381
2397 13 3 621 723
2396 26 22 1628 925
2395 13 16 1894 625
2394 13 6 1475 889
2393 25 6 653 107
2392 19 6 1813 756
2391 16 20 816 1079
2390 22 9 1805 279
2389 22 16 1598 841
2388 26 22 1348 605
2387 22 22 626 1048
2386 7 23 907 152
2385 22 16 1175 863
2384 10 23 1205 1088
2383 9 9 1137 1019
2382 16 13 671 726
2381 9 25 849 1008
2380 19 29 1523 353
2379 10 16 1202 634
2378 16 26 1590 728
2377 22 3 1492 283
2376 16 29 1002 441
2375 6 19 1185 822
2374 19 6 217 732
2373 7 10 1630 963
2372 3 10 1475 786
2371 16 6 1332 642
2370 22 28 347 1058
2369 16 3 262 658
2368 6 22 562 614
2367 10 10 553 631
2366 22 13 709 953
2365 22 16 982 229
2364 19 25 305 782
2363 13 10 483 694
2362 23 13 206 128
2361 10 3 1641 417
2360 19 26 309 271
2359 6 6 564 1017
2358 3 10 579 103
2357 7 29 598 161
2356 25 22 1331 509
2355 16 28 1821 660
2354 16 19 1193 338
2353 10 3 1886 632
2352 19 13 1904 276
2351 13 29 1511 325
2350 19 25 1263 748
2349 19 25 305 782
2348 16 19 1193 338
2347 19 26 309 271
2346 13 9 1857 1017
2345 3 16 1456 192
2344 10 13 347 187
2343 6 26 1991 318
2342 16 6 1907 397
2341 13 29 1255 923
2340 6 26 1143 180
2339 20 16 823 524
2338 16 19 234 1001
2337 3 19 585 827
2336 9 9 427 447
2335 22 25 914 337
2334 6 26 1291 1035
2333 3 13 1907 307
2332 26 22 1065 616
2331 29 20 1972 641
2330 22 16 1819 768
2329 19 19 1437 576
2328 22 10 1079 154
2327 19 13 1688 640
2326 7 20 1241 674
2325 25 13 609 1070
2324 13 23 560 244
2323 19 16 1012 845
2322 7 16 764 617
2321 10 6 542 430
2320 3 13 751 234
2319 25 25 371 509
2318 13 29 719 531
2317 3 13 1313 1080
2316 6 29 1800 116
2315 6 22 597 540
2314 22 25 1227 810
2313 7 3 1607 273
2312 16 28 935 528
2311 19 22 735 193
2310 22 22 318 898
2309 22 3 1492 283
2308 16 16 1633 195
2307 25 22 471 448
2306 9 19 1281 241
2305 6 6 1445 1014
2304 29 29 969 833
2303 16 19 1873 697
2302 13 10 483 694
2301 23 26 1913 600
2300 7 7 501 800
2299 22 16 644 313
2298 25 6 647 415
2297 29 26 719 600
2296 13 25 1026 365
2295 20 26 1863 104
2294 25 19 1889 468
2293 26 20 971 308
2292 19 3 1982 619
2291 7 10 1672 419
2290 3 9 1558 1056
2289 28 19 828 888
2288 19 3 784 755
2287 7 29 598 161
2286 3 19 585 827
2285 16 13 367 703
2284 26 29 267 777
2283 22 6 683 553
2282 6 6 1921 197
2281 10 26 1229 237
2280 3 16 1105 256
2279 3 3 715 977
2278 19 10 1820 348
2277 6 6 1058 294
2276 26 29 610 917
2275 13 10 483 694
2274 13 10 629 410
2273 16 10 1309 888
2272 9 16 814 281
2271 22 25 914 337
2270 19 19 873 118
2269 3 3 355 869
2268 19 22 1719 159
2267 26 10 574 593
2266 7 26 1166 552
2265 19 22 1804 622
2264 16 16 706 408
2263 23 16 1936 498
2262 3 16 501 692
2261 25 19 1753 524
2260 19 6 217 732
2259 19 6 1813 756
2258 7 20 412 756
2257 25 28 1909 396
2256 16 10 1309 888
2255 19 6 217 732
2254 3 22 940 937
2253 28 19 1240 826
2252 20 16 823 524
2251 6 6 779 122
2250 13 10 738 190
2249 3 13 1210 892
2248 13 29 719 531
2247 28 19 1240 826
2246 9 6 748 381
2245 3 3 355 869
2244 10 16 1202 634
2243 26 26 716 445
2242 9 19 775 997
2241 6 16 618 1039
2240 7 3 1823 958
2239 16 28 875 1094
2238 16 29 1694 404
2237 13 3 795 302
2236 3 19 952 540
2235 3 23 697 699
2234 19 16 1489 751
2233 22 22 930 324
2232 20 26 1863 104
2231 26 26 496 520
2230 10 3 1886 632
2229 3 16 1391 846
2228 20 23 1236 246
2227 6 22 666 504
2226 7 20 1880 705
2225 20 13 1054 815
2224 13 29 1511 325
2223 20 23 1236 246
2222 16 3 227 464
2221 10 7 1801 301
2220 19 28 946 1021
2219 19 13 884 455
2218 22 6 683 553
2217 10 29 1194 399
2216 16 3 1518 1053
2215 22 3 1565 763
2214 16 3 279 744
2213 10 13 347 187
2212 13 3 455 292
2211 13 10 629 410
2210 16 28 1863 653
2209 13 25 1467 1058
2208 6 26 1291 1035
2207 13 6 223 597
2206 22 16 1819 768
2205 22 3 1565 763
2204 29 20 1972 641
2203 16 28 935 528
2202 29 26 719 600
2201 19 3 638 618
2200 6 29 1859 261
2199 22 28 1002 795
2198 9 22 909 192
2197 6 26 1991 318
2196 29 19 1268 1095
2195 26 22 1348 605
2194 23 29 1789 900
2193 6 19 996 631
2192 13 22 590 660
2191 3 19 1432 1051
2190 16 20 816 1079
2189 9 25 1529 1008
2188 29 10 1657 287
2187 28 16 327 1010
2186 3 16 1456 192
2185 26 26 1170 838
2184 3 19 952 540
2183 3 20 1263 905
2182 3 19 1928 713
2181 19 13 1537 614
2180 22 3 1565 763
2179 19 22 1804 622
2178 10 3 547 766
2177 13 23 916 1026
2176 26 6 1627 732
2175 10 6 542 430
2174 7 13 734 917
2173 22 3 338 357
2172 6 29 834 900
2171 19 13 1040 651
2170 6 16 618 1039
2169 6 26 1291 1035
2168 3 20 1263 905
2167 22 3 1492 283
2166 9 13 1442 168
2165 10 29 1194 399
2164 29 26 1724 482
2163 13 16 1838 354
2162 16 28 1821 660
2161 16 29 1083 521
2160 6 16 647 872
2159 23 20 1786 1041
2158 25 6 653 107
2157 25 6 216 182
2156 13 22 590 660
2155 22 16 1819 768
2154 22 10 1848 196
2153 19 25 854 790
2152 23 20 1786 1041
2151 26 22 1348 605
2150 29 22 561 236
2149 10 6 1765 970
2148 28 22 330 563
2147 22 29 1448 487
2146 29 10 483 1038
2145 19 13 884 455
2144 29 29 1019 326
2143 29 10 1657 287
2142 6 19 1243 977
2141 25 22 1331 509
2140 19 3 784 755
2139 6 29 1800 116
2138 16 16 1633 195
2137 19 6 217 732
2136 19 26 309 271
2135 25 28 221 802
2134 22 16 1819 768
2133 16 19 234 1001
2132 22 29 1448 487
2131 29 22 561 236
2130 25 28 221 802
2129 25 22 861 590
2128 16 29 1593 882
2127 3 19 1928 713
2126 6 13 1713 686
2125 6 29 834 900
2124 13 26 1253 542
2123 23 23 1382 991
2122 16 10 1081 1064
2121 10 3 1641 417
2120 25 13 609 1070
2119 9 25 849 1008
2118 22 16 982 229
2117 9 19 775 997
2116 16 19 1873 697
2115 26 7 738 375
2114 16 22 491 581
2113 23 26 1594 1052
2112 9 25 849 1008
2111 16 28 935 528
2110 19 25 1263 748
2109 10 6 542 430
2108 20 13 848 198
2107 19 16 1319 385
2106 6 22 794 783
2105 28 6 1636 436
2104 28 22 1166 491
2103 22 6 683 553
2102 19 9 1897 881
2101 10 13 419 950
2100 3 3 1563 535
2099 25 13 546 1056
2098 26 16 1303 358
2097 22 13 1897 272
2096 29 20 1972 641
2095 16 19 1193 338
2094 20 26 1863 104
2093 13 10 483 694
2092 19 6 1813 756
2091 23 23 1366 481
2090 13 25 1026 365
2089 7 3 1607 273
2088 10 29 1488 1094
2087 10 6 1747 577
2086 19 26 309 271
2085 19 16 1351 615
2084 28 6 1208 309
2083 26 16 403 402
2082 9 19 775 997
2081 19 13 1904 276
2080 20 16 851 446
2079 23 23 1366 481
2078 3 19 1432 1051
2077 7 20 1241 674
2076 20 23 1325 338
2075 16 13 1121 641
2074 19 28 512 778
2073 25 28 521 989
2072 26 19 244 1055
2071 25 16 620 1002
2070 10 6 542 430
2069 25 28 1521 284
2068 29 22 561 236
2067 19 6 1108 1031
2066 6 10 1572 528
2065 19 28 486 840
2064 13 10 629 410
2063 22 28 1002 795
2062 26 26 1261 1009
2061 16 16 527 1100
2060 16 3 279 744
2059 10 13 1315 328
2058 3 22 940 937
2057 19 25 844 478
2056 19 13 1904 276
2055 19 13 884 455
2054 28 19 1240 826
2053 13 3 466 937
2052 6 13 1201 715
2051 25 22 1331 509
2050 10 23 1205 1088
2049 25 28 1909 396
2048 16 6 1332 642
2047 22 16 1819 768
2046 26 19 1397 1043
2045 3 13 530 916
2044 16 16 706 408
2043 26 16 1296 524
2042 16 6 1907 397
2041 19 22 1897 986
2040 6 19 486 789
2039 6 3 1176 551
2038 16 13 654 720
2037 13 10 1614 331
2036 16 13 707 359
2035 25 6 653 107
2034 19 22 1804 622
2033 22 25 224 467
2032 3 16 1105 256
2031 7 20 1577 1043
2030 6 6 442 900
2029 6 29 834 900
2028 26 22 1628 925
2027 16 16 1633 195
2026 22 3 1565 763
2025 22 16 982 229
2024 28 16 827 999
2023 3 20 1434 362
2022 16 13 671 726
2021 3 23 1410 1028
2020 13 3 455 292
2019 16 26 1789 1077
2018 6 16 618 1039
2017 13 3 466 937
2016 20 16 851 446
2015 3 16 753 124
2014 26 10 574 593
2013 22 13 667 765
2012 16 23 746 416
2011 7 3 1607 273
2010 19 6 1204 453
2009 13 10 1614 331
2008 13 22 590 660
2007 3 22 1662 201
2006 6 22 666 504
2005 6 10 1572 528
2004 3 13 1502 270
2003 16 29 1142 878
2002 19 6 1108 1031
2001 25 19 1889 468
2000 10 13 1315 328
1999 23 23 1366 481
1998 10 26 1843 187
1997 16 6 1188 697
1996 3 20 1434 362
1995 3 13 1502 270
1994 16 29 1694 404
1993 6 10 713 921
1992 26 22 1513 447
1991 10 29 1488 1094
1990 3 19 585 827
1989 10 29 676 526
1988 3 16 501 692
1987 3 20 1434 362
1986 19 16 1319 385
1985 10 10 1856 576
1984 6 3 615 970
1983 26 10 574 593
1982 23 16 868 608
1981 22 22 265 766
1980 13 6 1987 926
1979 19 3 1982 619
1978 3 19 585 827
1977 7 26 1166 552
1976 20 16 1200 991
1975 19 22 1804 622
1974 29 20 1972 641
1973 26 16 1303 358
1972 10 10 588 654
1971 13 26 1253 542
1970 25 13 609 1070
1969 20 23 204 293
1968 16 29 1142 878
1967 26 20 971 308
1966 19 16 1967 865
1965 6 29 1859 261
1964 28 19 828 888
1963 6 6 1058 294
1962 16 29 1002 441
1961 7 20 1577 1043
1960 13 6 490 406
1959 10 13 1315 328
1958 3 7 1565 226
1957 16 16 772 229
1956 20 10 1663 207
1955 16 6 1907 397
1954 16 28 875 1094
1953 22 22 318 898
1952 19 25 305 782
1951 6 19 486 789
1950 22 29 1500 828
1949 19 22 735 193
1948 13 6 1062 195
1947 29 16 1442 123
1946 10 29 676 526
1945 6 10 465 900
1944 6 16 647 872
1943 29 26 719 600
1942 10 6 1747 577
1941 16 16 706 408
1940 26 16 1303 358
1939 16 13 367 703
1938 7 29 598 161
1937 3 20 1645 316
1936 3 9 1558 1056
1935 3 22 1768 195
1934 19 22 1200 449
1933 20 23 1236 246
1932 19 13 1688 640
1931 16 13 654 720
1930 6 19 996 631
1929 13 10 606 592
1928 19 16 1967 865
1927 10 13 1315 328
1926 25 28 1909 396
1925 3 23 571 632
1924 29 13 1014 130
1923 23 23 1382 991
1922 23 26 1520 942
1921 26 16 1296 524
1920 6 22 562 614
1919 13 26 1073 1066
1918 6 26 1991 318
1917 3 13 472 300
1916 16 13 367 703
1915 10 10 588 654
1914 19 6 1813 756
1913 16 28 875 1094
1912 13 3 621 723
1911 13 9 820 552
1910 16 29 1883 380
1909 29 26 1724 482
1908 16 3 262 658
1907 23 13 206 128
1906 19 19 873 118
1905 19 16 1319 385
1904 16 13 1121 641
1903 6 13 1201 715
1902 10 13 419 950
1901 3 3 699 786
1900 3 10 1791 520
1899 23 7 983 372
1898 3 13 355 737
1897 26 22 1487 269
1896 22 28 1002 795
1895 16 29 1694 404
1894 29 29 969 833
1893 20 7 386 964
1892 6 22 597 540
1891 29 19 1268 1095
1890 22 9 1805 279
1889 6 10 1572 528
1888 16 6 1907 397
1887 16 6 1907 397
1886 3 16 1456 192
1885 13 16 1785 297
1884 3 19 1432 1051
1883 7 10 801 919
1882 10 29 1194 399
1881 29 20 1704 502
1880 10 10 588 654
1879 22 13 667 765
1878 6 13 1201 715
1877 25 6 647 415
1876 10 29 1194 399
1875 7 7 501 800
1874 22 16 644 313
1873 10 3 1886 632
1872 28 25 952 377
1871 3 19 952 540
1870 29 20 1160 237
1869 3 13 1907 307
1868 22 19 1628 332
1867 20 13 636 446
1866 9 9 1137 1019
1865 13 13 1714 399
1864 23 13 206 128
1863 13 20 1925 840
1862 6 10 465 900
1861 22 25 224 467
1860 10 19 709 692
1859 16 6 1188 697
1858 29 22 561 236
1857 26 10 574 593
1856 16 26 1590 728
1855 29 23 1148 789
1854 16 29 533 935
1853 6 3 1347 609
1852 19 9 1059 580
1851 9 13 211 1039
1850 26 6 1156 1073
1849 28 6 1208 309
1848 29 10 243 775
1847 19 16 1351 615
1846 22 3 480 1037
1845 10 3 1641 417
1844 29 10 483 1038
1843 16 23 746 416
1842 19 26 309 271
1841 13 3 690 686
1840 26 20 1645 318
1839 13 6 1987 926
1838 6 22 562 614
1837 28 22 330 563
1836 20 13 848 198
1835 13 29 626 332
1834 25 22 471 448
1833 22 10 1233 546
1832 3 16 1391 846
1831 13 6 1062 195
1830 13 29 1255 923
1829 6 10 1572 528
1828 19 6 1204 453
1827 20 23 1551 986
1826 22 22 930 324
1825 9 25 849 1008
1824 22 22 626 1048
1823 29 13 1014 130
1822 6 10 713 921
1821 20 20 418 893
1820 3 13 685 443
1819 22 3 1565 763
1818 7 7 1524 189
1817 6 28 1820 271
1816 7 20 1880 705
1815 29 16 584 203
1814 22 16 644 313
1813 13 6 1699 1020
1812 20 23 1325 338
1811 3 13 1889 538
1810 22 19 602 291
1809 20 13 848 198
1808 13 23 1714 347
1807 22 10 1079 154
1806 9 19 1281 241
1805 23 7 983 372
1804 19 22 1260 355
1803 16 16 1633 195
1802 19 29 1523 353
1801 25 19 1753 524
1800 3 13 355 737
1799 19 3 784 755
1798 3 3 715 977
1797 28 19 828 888
1796 22 13 709 953
1795 26 16 1303 358
1794 13 9 820 552
1793 26 26 496 520
1792 9 9 1137 1019
1791 3 16 1796 762
1790 19 13 1537 614
1789 28 22 330 563
1788 10 10 1285 483
1787 22 22 930 324
1786 3 22 1768 195
1785 16 23 746 416
1784 3 13 1210 892
1783 25 28 1909 396
1782 13 23 560 244
1781 16 29 533 935
1780 13 13 1710 800
1779 25 22 861 590
1778 3 16 1456 192
1777 16 29 1883 380
1776 6 19 1591 138
1775 29 26 1522 215
1774 16 10 396 514
1773 19 13 884 455
1772 26 29 267 777
1771 25 28 1909 396
1770 6 19 1185 822
1769 19 19 1437 576
1768 16 13 671 726
1767 3 3 575 287
1766 13 6 1699 1020
1765 20 23 1236 246
1764 28 6 1953 299
1763 6 6 442 900
1762 3 7 1565 226
1761 13 20 1951 729
1760 16 13 1121 641
1759 26 22 1487 269
1758 6 19 486 789
1757 20 16 851 446
1756 22 25 914 337
1755 7 10 801 919
1754 10 29 676 526
1753 20 7 894 300
1752 6 3 1347 609
1751 13 26 1639 927
1750 13 6 1699 1020
1749 9 22 909 192
1748 3 10 1791 520
1747 7 29 743 826
1746 13 10 606 592
1745 6 6 1445 1014
1744 20 16 1200 991
1743 16 29 1083 521
1742 28 9 1185 918
1741 16 13 654 720
1740 16 6 1332 642
1739 13 3 203 818
1738 26 7 738 375
1737 16 29 1730 638
1736 13 26 1253 542
1735 22 28 347 1058
1734 7 26 1166 552
1733 7 13 1210 414
1732 23 23 1366 481
1731 13 29 719 531
1730 19 28 512 778
1729 22 28 347 1058
1728 13 3 690 686
1727 16 6 1907 397
1726 19 3 762 269
1725 19 28 512 778
1724 26 29 267 777
1723 10 6 1747 577
1722 22 13 667 765
1721 26 22 1628 925
1720 25 6 653 107
1719 16 29 1730 638
1718 3 13 751 234
1717 29 16 1442 123
1716 19 28 486 840
1715 19 13 1904 276
1714 3 22 1768 195
1713 26 22 1513 447
1712 26 22 1628 925
1711 13 26 1253 542
1710 29 13 1014 130
1709 19 22 1440 777
1708 7 26 634 751
1707 6 10 465 900
1706 28 22 1166 491
1705 7 13 734 917
1704 13 3 203 818
1703 19 13 1904 276
1702 23 29 1789 900
1701 22 3 338 357
1700 7 10 1630 963
1699 20 13 1054 815
1698 16 16 287 918
1697 19 22 1260 355
1696 3 19 1928 713
1695 22 25 1227 810
1694 28 9 1185 918
1693 7 10 801 919
1692 6 10 713 921
1691 3 13 1889 538
1690 20 20 418 893
1689 10 29 1488 1094
1688 16 6 1332 642
1687 22 16 644 313
1686 16 26 1789 1077
1685 19 29 1523 353
1684 10 3 1641 417
1683 3 20 1263 905
1682 3 3 355 869
1681 10 29 1065 111
1680 19 13 1904 276
1679 10 13 347 187
1678 16 3 1518 1053
1677 29 16 584 203
1676 3 19 585 827
1675 16 28 875 1094
1674 16 26 1789 1077
1673 3 3 1563 535
1672 13 25 1467 1058
1671 13 26 396 664
1670 6 28 1820 271
1669 3 16 1796 762
1668 23 7 936 609
1667 22 16 1819 768
1666 25 28 1521 284
1665 3 13 472 300
1664 6 19 1243 977
1663 7 7 828 643
1662 10 19 709 692
1661 3 13 1907 307
1660 10 26 1843 187
1659 25 19 1753 524
1658 26 6 1156 1073
1657 19 13 1537 614
1656 3 16 1105 256
1655 29 16 1442 123
1654 22 25 914 337
1653 22 19 783 277
1652 6 29 834 900
1651 23 16 1918 1042
1650 16 6 1332 642
1649 25 28 724 816
1648 3 19 901 980
1647 16 22 1579 619
1646 26 22 1628 925
1645 29 22 561 236
1644 29 22 561 236
1643 7 23 907 152
1642 19 28 486 840
1641 20 16 851 446
1640 6 19 1591 138
1639 25 19 1753 524
1638 28 9 1185 918
1637 23 23 1366 481
1636 6 6 631 145
1635 13 16 1785 297
1634 3 3 575 287
1633 16 29 1593 882
1632 13 13 1714 399
1631 29 16 1442 123
1630 19 28 486 840
1629 25 13 609 1070
1628 25 28 1370 535
1627 19 13 884 455
1626 16 19 1193 338
1625 23 29 957 387
1624 25 22 580 176
1623 25 13 1251 384
1622 28 19 1240 826
1621 22 19 783 277
1620 19 28 946 1021
1619 22 25 914 337
1618 7 3 1823 958
1617 26 20 971 308
1616 26 26 1790 648
1615 22 19 287 752
1614 29 16 584 203
1613 19 3 784 755
1612 10 29 1065 111
1611 13 16 1894 625
1610 28 6 1208 309
1609 29 13 1014 130
1608 22 10 1079 154
1607 6 19 406 430
1606 29 26 1724 482
1605 19 29 1523 353
1604 25 6 647 415
1603 13 13 1714 399
1602 20 23 1325 338
1601 26 22 1348 605
1600 13 3 690 686
1599 26 29 267 777
1598 16 29 1694 404
1597 6 22 794 783
1596 29 20 1704 502
1595 16 16 772 229
1594 6 6 779 122
1593 25 28 1909 396
1592 3 13 1907 307
1591 22 19 602 291
1590 10 16 1202 634
1589 23 20 1786 1041
1588 19 3 1547 279
1587 23 16 1918 1042
1586 20 7 894 300
1585 28 22 330 563
1584 22 22 930 324
1583 6 22 562 614
1582 20 3 1785 160
1581 13 20 1951 729
1580 25 6 647 415
1579 26 7 738 375
1578 13 6 490 406
1577 19 3 762 269
1576 25 28 1521 284
1575 13 10 483 694
1574 22 22 318 898
1573 26 16 1296 524
1572 13 23 1714 347
1571 16 29 1730 638
1570 16 19 1193 338
1569 6 16 618 1039
1568 7 20 1577 1043
1567 10 19 1278 267
1566 26 6 1156 1073
1565 6 19 1185 822
1564 29 19 1268 1095
1563 6 29 1859 261
1562 19 26 309 271
1561 10 3 547 766
1560 3 20 1263 905
1559 16 3 279 744
1558 6 16 1023 132
1557 22 9 1509 598
1556 3 13 1889 538
1555 25 22 861 590
1554 10 22 1694 969
1553 3 13 1313 1080
1552 13 16 1894 625
1551 3 19 1432 1051
1550 7 29 743 826
1549 13 3 466 937
1548 7 29 743 826
1547 19 22 1804 622
1546 13 23 1714 347
1545 16 29 1142 878
1544 3 23 697 699
1543 6 16 618 1039
1542 16 29 1142 878
1541 7 13 734 917
1540 16 29 1593 882
1539 13 29 626 332
1538 13 13 967 355
1537 13 29 626 332
1536 6 13 1713 686
1535 23 23 881 353
1534 13 29 719 531
1533 19 19 1990 106
1532 13 23 916 1026
1531 23 7 983 372
1530 3 13 355 737
1529 22 13 709 953
1528 19 13 1904 276
1527 6 19 1243 977
1526 25 16 1200 591
1525 25 13 609 1070
1524 19 13 1688 640
1523 10 10 1856 576
1522 28 16 327 1010
1521 9 22 909 192
1520 7 26 634 751
1519 13 10 483 694
1518 3 3 699 786
1517 16 19 1193 338
1516 10 26 1229 237
1515 26 16 403 402
1514 13 3 699 1056
1513 3 23 1410 1028
1512 20 3 1785 160
1511 9 25 849 1008
1510 23 13 206 128
1509 7 13 1210 414
1508 13 29 1255 923
1507 3 13 1306 202
1506 3 13 1907 307
1505 22 19 602 291
1504 6 19 486 789
1503 19 19 1956 207
1502 3 10 579 103
1501 22 10 1079 154
1500 13 3 466 937
1499 16 3 704 1025
1498 19 19 1437 576
1497 20 13 1542 128
1496 7 7 1524 189
1495 20 10 1663 207
1494 13 25 1026 365
1493 20 16 823 524
1492 13 26 396 664
1491 22 19 287 752
1490 6 22 794 783
1489 20 3 1785 160
1488 22 28 1717 549
1487 29 29 1019 326
1486 28 19 1240 826
1485 6 16 647 872
1484 19 22 1719 159
1483 7 10 1672 419
1482 13 16 1838 354
1481 7 7 501 800
1480 16 3 836 819
1479 10 29 676 526
1478 19 22 1440 777
1477 22 16 644 313
1476 23 3 1396 143
1475 3 16 1105 256
1474 16 26 1789 1077
1473 3 13 530 916
1472 16 16 527 1100
1471 10 19 1278 267
1470 16 29 533 935
1469 25 16 620 1002
1468 16 16 527 1100
1467 16 3 477 194
1466 23 26 1594 1052
1465 13 6 1475 889
1464 25 28 1521 284
1463 20 20 418 893
1462 22 22 265 766
1461 10 13 347 187
1460 22 16 1175 863
1459 29 29 1019 326
1458 3 19 1928 713
1457 19 16 1012 845
1456 13 13 1710 800
1455 3 23 1410 1028
1454 13 6 580 558
1453 26 20 971 308
1452 9 9 1137 1019
1451 6 3 453 537
1450 16 6 755 874
1449 6 10 1572 528
1448 10 3 547 766
1447 25 22 580 176
1446 29 29 763 971
1445 29 20 1991 704
1444 6 3 1176 551
1443 19 22 735 193
1442 19 22 1897 986
1441 16 13 671 726
1440 3 16 1796 762
1439 7 10 1630 963
1438 13 29 626 332
1437 3 13 1502 270
1436 25 28 724 816
1435 23 23 881 353
1434 22 25 1227 810
1433 19 3 1814 369
1432 9 22 452 901
1431 16 13 654 720
1430 22 13 709 953
1429 28 6 707 517
1428 3 23 697 699
1427 29 29 969 833
1426 16 3 279 744
1425 19 9 1897 881
1424 7 29 743 826
1423 19 22 1897 986
1422 20 13 848 198
1421 10 7 1801 301
1420 10 10 1856 576
1419 13 6 1475 889
1418 20 3 1785 160
1417 25 13 609 1070
1416 16 16 287 918
1415 3 13 472 300
1414 26 29 267 777
1413 16 13 654 720
1412 10 7 1801 301
1411 19 3 1547 279
1410 6 19 1243 977
1409 29 16 584 203
1408 19 3 638 618
1407 16 29 1002 441
1406 28 6 707 517
1405 16 10 396 514
1404 19 22 1804 622
1403 26 6 1627 732
1402 19 19 1437 576
1401 25 16 1200 591
1400 7 20 1577 1043
1399 6 3 615 970
1398 29 19 1268 1095
1397 3 3 715 977
1396 16 22 1579 619
1395 29 23 1148 789
1394 29 29 969 833
1393 22 28 1717 549
1392 3 23 571 632
1391 13 13 1008 398
1390 16 29 1142 878
1389 16 29 1593 882
1388 13 6 490 406
1387 16 3 227 464
1386 7 29 743 826
1385 16 6 1332 642
1384 16 20 816 1079
1383 19 13 1537 614
1382 19 25 1263 748
1381 19 22 1260 355
1380 10 3 547 766
1379 23 20 1536 804
1378 22 13 226 631
1377 19 3 1547 279
1376 3 9 1558 1056
1375 26 26 1790 648
1374 10 16 1202 634
1373 29 10 1463 145
1372 23 29 1789 900
1371 10 10 1285 483
1370 3 10 1475 786
1369 3 19 754 984
1368 26 16 403 402
1367 3 22 1662 201
1366 6 29 1859 261
1365 13 25 550 100
1364 6 16 618 1039
1363 19 26 836 356
1362 25 16 620 1002
1361 19 16 1967 865
1360 19 6 324 237
1359 22 29 1500 828
1358 28 22 1166 491
1357 9 25 1529 1008
1356 20 16 823 524
1355 13 29 719 531
1354 26 22 1165 1100
1353 25 13 1251 384
1352 19 19 1990 106
1351 3 20 1263 905
1350 16 10 1081 1064
1349 19 16 1319 385
1348 7 29 598 161
1347 16 6 1188 697
1346 22 28 1002 795
1345 23 23 1382 991
1344 10 29 1065 111
1343 19 25 305 782
1342 25 16 620 1002
1341 6 16 1023 132
1340 7 3 1823 958
1339 25 13 1251 384
1338 13 13 1714 399
1337 22 25 1227 810
1336 26 20 1645 318
1335 3 3 715 977
1334 19 3 638 618
1333 25 16 1200 591
1332 26 6 1627 732
1331 16 29 1083 521
1330 23 23 881 353
1329 3 22 940 937
1328 29 20 1160 237
1327 25 28 1521 284
1326 6 22 666 504
1325 25 16 1200 591
1324 16 29 533 935
1323 9 9 1137 1019
1322 3 9 1558 1056
1321 29 20 1160 237
1320 10 29 1065 111
1319 13 20 1951 729
1318 20 23 204 293
1317 26 19 244 1055
1316 22 19 470 470
1315 16 19 1873 697
1314 3 20 1263 905
1313 3 3 1563 535
1312 29 20 1991 704
1311 23 29 1232 389
1310 25 28 521 989
1309 29 20 1972 641
1308 10 13 414 478
1307 3 13 1907 307
1306 13 13 1008 398
1305 3 9 1558 1056
1304 6 19 406 430
1303 22 3 1565 763
1302 3 13 472 300
1301 19 13 1537 614
1300 20 13 848 198
1299 26 29 610 917
1298 13 3 699 1056
1297 7 26 634 751
1296 28 6 1065 121
1295 20 26 1863 104
1294 9 22 909 192
1293 13 10 629 410
1292 16 28 935 528
1291 16 28 1821 660
1290 20 7 386 964
1289 13 23 560 244
1288 13 25 1467 1058
1287 19 22 1440 777
1286 26 22 1513 447
1285 29 20 1704 502
1284 20 23 1551 986
1283 25 13 609 1070
1282 3 7 1565 226
1281 13 10 738 190
1280 16 16 706 408
1279 13 26 1253 542
1278 26 10 574 593
1277 19 16 1967 865
1276 28 9 1185 918
1275 22 13 226 631
1274 26 22 1628 925
1273 19 6 217 732
1272 22 28 1002 795
1271 3 13 355 737
1270 13 22 590 660
1269 13 16 1894 625
1268 20 26 1863 104
1267 26 16 1296 524
1266 10 26 410 192
1265 22 10 1079 154
1264 9 13 211 1039
1263 7 13 898 325
1262 13 6 1475 889
1261 10 6 1765 970
1260 3 23 697 699
1259 25 16 620 1002
1258 13 13 1710 800
1257 16 29 1694 404
1256 6 6 442 900
1255 13 13 1679 146
1254 28 16 327 1010
1253 6 3 1176 551
1252 3 16 1391 846
1251 9 13 1442 168
1250 16 29 1730 638
1249 19 3 1814 369
1248 25 6 647 415
1247 29 23 1148 789
1246 29 29 763 971
1245 20 3 1785 160
1244 29 29 969 833
1243 10 10 588 654
1242 26 19 244 1055
1241 29 20 1160 237
1240 3 10 1791 520
1239 25 16 1200 591
1238 6 29 1859 261
1237 16 3 1518 1053
1236 29 23 1148 789
1235 29 16 1442 123
1234 13 26 1073 1066
1233 26 16 1296 524
1232 3 13 1306 202
1231 13 10 606 592
1230 19 19 1437 576
1229 9 13 1442 168
1228 6 3 453 537
1227 23 26 1913 600
1226 28 22 1166 491
1225 3 10 984 463
1224 19 22 1897 986
1223 13 10 629 410
1222 10 10 1856 576
1221 7 29 743 826
1220 25 19 1753 524
1219 10 10 588 654
1218 16 29 1883 380
1217 26 26 1790 648
1216 10 3 547 766
1215 6 19 1591 138
1214 9 19 775 997
1213 28 25 952 377
1212 23 16 1936 498
1211 6 29 834 900
1210 25 19 1753 524
1209 16 29 1593 882
1208 16 16 287 918
1207 29 20 1991 704
1206 29 20 1991 704
1205 26 7 738 375
1204 25 22 580 176
1203 22 13 667 765
1202 19 25 854 790
1201 13 26 1253 542
1200 23 29 957 387
1199 22 10 1079 154
1198 3 13 685 443
1197 16 3 704 1025
1196 29 10 1463 145
1195 10 29 1065 111
1194 3 13 685 443
1193 19 3 638 618
1192 19 25 854 790
1191 19 22 691 728
1190 26 29 1233 434
1189 16 22 1579 619
1188 9 16 814 281
1187 19 16 1351 615
1186 23 13 206 128
1185 25 6 216 182
1184 26 6 1156 1073
1183 7 16 789 650
1182 13 29 1255 923
1181 16 16 878 697
1180 3 13 1306 202
1179 6 3 1176 551
1178 23 16 1936 498
1177 9 25 1529 1008
1176 3 13 633 583
1175 6 6 564 1017
1174 10 6 542 430
1173 25 16 1200 591
1172 6 6 631 145
1171 26 22 1065 616
1170 25 22 580 176
1169 25 22 861 590
1168 7 7 828 643
1167 13 29 1511 325
1166 7 20 1241 674
1165 9 25 1529 1008
1164 3 19 1928 713
1163 26 19 1397 1043
1162 3 19 600 422
1161 13 13 1710 800
1160 6 16 618 1039
1159 13 23 560 244
1158 16 29 533 935
1157 22 16 1819 768
1156 3 13 633 583
1155 3 3 699 786
1154 10 29 1065 111
1153 3 16 501 692
1152 9 6 748 381
1151 29 10 243 775
1150 10 10 1856 576
1149 16 16 878 697
1148 6 3 453 537
1147 7 10 1630 963
1146 6 26 1143 180
1145 7 20 412 756
1144 13 20 1951 729
1143 23 20 437 996
1142 25 28 221 802
1141 6 19 996 631
1140 16 6 1907 397
1139 19 25 1263 748
1138 9 22 452 901
1137 16 16 1633 195
1136 22 3 338 357
1135 16 13 654 720
1134 19 3 1982 619
1133 13 3 455 292
1132 25 13 1251 384
1131 23 3 1396 143
1130 6 22 597 540
1129 10 13 419 950
1128 9 6 748 381
1127 22 16 644 313
1126 23 29 1232 389
1125 22 22 626 1048
1124 16 3 704 1025
1123 10 29 676 526
1122 26 16 1303 358
1121 9 13 1442 168
1120 19 10 1820 348
1119 3 20 1434 362
1118 7 3 1823 958
1117 25 22 1331 509
1116 3 19 901 980
1115 19 29 1523 353
1114 6 13 1713 686
1113 19 13 1688 640
1112 23 23 1382 991
1111 26 22 1065 616
1110 25 28 1909 396
1109 10 19 709 692
1108 19 29 1523 353
1107 19 6 324 237
1106 3 23 697 699
1105 7 23 907 152
1104 19 6 1813 756
1103 19 3 1982 619
1102 22 29 1500 828
1101 13 6 1699 1020
1100 20 23 204 293
1099 13 23 1714 347
1098 22 9 1509 598
1097 29 10 1463 145
1096 25 13 546 1056
1095 13 23 916 1026
1094 29 29 1019 326
1093 16 6 1332 642
1092 16 13 671 726
1091 13 26 396 664
1090 6 26 1143 180
1089 6 29 834 900
1088 6 29 1800 116
1087 13 3 621 723
1086 26 22 1513 447
1085 25 16 1200 591
1084 23 29 1789 900
1083 7 16 789 650
1082 28 16 327 1010
1081 3 10 1475 786
1080 22 13 709 953
1079 6 13 1713 686
1078 22 25 224 467
1077 22 28 347 1058
1076 10 10 1285 483
1075 26 16 1296 524
1074 6 10 465 900
1073 29 20 1972 641
1072 23 3 1396 143
1071 16 29 1142 878
1070 19 13 884 455
1069 3 16 501 692
1068 16 28 1821 660
1067 13 16 1838 354
1066 25 19 1889 468
1065 26 29 610 917
1064 25 16 620 1002
1063 16 29 1694 404
1062 26 19 1397 1043
1061 3 13 472 300
1060 16 19 234 1001
1059 7 7 1524 189
1058 22 25 1227 810
1057 20 7 894 300
1056 19 6 1108 1031
1055 13 25 550 100
1054 19 16 1489 751
1053 20 10 1663 207
1052 29 29 1019 326
1051 28 16 827 999
1050 9 22 909 192
1049 13 20 1951 729
1048 22 22 626 1048
1047 6 6 1445 1014
1046 6 28 1820 271
1045 16 6 1188 697
1044 28 19 1240 826
1043 16 29 1142 878
1042 28 6 1636 436
1041 13 16 1785 297
1040 22 25 224 467
1039 16 29 1883 380
1038 19 6 1108 1031
1037 19 22 1260 355
1036 7 20 1577 1043
1035 3 19 901 980
1034 10 26 1843 187
1033 13 3 466 937
1032 6 29 1800 116
1031 19 19 873 118
1030 19 25 1263 748
1029 29 20 1704 502
1028 16 3 1518 1053
1027 26 22 1628 925
1026 13 3 795 302
1025 13 29 1511 325
1024 3 23 571 632
1023 20 13 1054 815
1022 10 29 1194 399
1021 7 20 1577 1043
1020 19 22 691 728
1019 26 16 1296 524
1018 16 3 227 464
1017 26 19 244 1055
1016 22 22 318 898
1015 19 16 1489 751
1014 3 9 1558 1056
1013 6 6 631 145
1012 20 13 1054 815
1011 16 13 367 703
1010 26 22 1487 269
1009 3 13 1889 538
1008 7 20 412 756
1007 7 26 1257 632
1006 16 28 935 528
1005 19 25 305 782
1004 10 13 419 950
1003 13 13 1714 399
1002 19 6 1108 1031
1001 19 28 512 778
1000 13 13 1679 146
999 10 13 347 187
998 16 13 654 720
997 26 19 244 1055
996 19 19 1956 207
995 10 16 1202 634
994 6 26 1291 1035
993 6 6 564 1017
992 13 3 690 686
991 26 29 267 777
990 26 22 1628 925
989 29 20 1991 704
988 26 6 1627 732
987 19 10 1820 348
986 20 7 386 964
985 16 3 279 744
984 3 3 1563 535
983 3 9 1558 1056
982 22 22 930 324
981 23 20 1786 1041
980 10 13 414 478
979 13 6 1987 926
978 22 3 338 357
977 19 13 1040 651
976 6 19 406 430
975 16 29 1730 638
974 9 25 849 1008
973 19 25 305 782
972 7 16 789 650
971 22 28 1717 549
970 13 26 1073 1066
969 20 10 1569 720
968 22 29 1448 487
967 9 16 814 281
966 6 26 1291 1035
965 19 26 836 356
964 10 7 1801 301
963 10 26 1843 187
962 19 10 1820 348
961 6 26 1991 318
960 6 19 1243 977
959 13 13 1710 800
958 16 16 772 229
957 13 6 580 558
956 10 10 553 631
955 16 13 1121 641
954 13 26 1639 927
953 6 3 453 537
952 16 19 1873 697
951 13 16 1894 625
950 6 29 1800 116
949 19 3 784 755
948 23 20 1786 1041
947 16 3 704 1025
946 3 19 1432 1051
945 13 26 1639 927
944 22 16 982 229
943 19 3 1814 369
942 19 29 1523 353
941 22 3 1565 763
940 3 13 1306 202
939 3 20 1434 362
938 19 25 844 478
937 16 28 875 1094
936 10 26 1843 187
935 23 13 206 128
934 26 16 1296 524
933 22 28 347 1058
932 13 6 223 597
931 7 10 1630 963
930 26 22 1487 269
929 7 16 789 650
928 19 25 844 478
927 16 22 1579 619
926 3 3 699 786
925 13 29 1511 325
924 22 16 1819 768
923 13 6 1062 195
922 25 28 1521 284
921 6 10 1572 528
920 10 23 1205 1088
919 3 13 472 300
918 13 6 1987 926
917 9 13 211 1039
916 23 23 881 353
915 20 3 1785 160
914 28 6 1953 299
913 10 10 553 631
912 13 29 626 332
911 16 13 1477 513
910 22 13 667 765
909 19 22 691 728
908 22 22 930 324
907 19 3 784 755
906 3 13 1889 538
905 19 19 1437 576
904 19 6 1108 1031
903 7 20 412 756
902 20 7 894 300
901 9 6 1467 681
900 16 16 1633 195
899 6 16 1023 132
898 6 28 1820 271
897 6 19 1185 822
896 3 16 1105 256
895 13 13 1008 398
894 16 3 836 819
893 22 28 1002 795
892 26 16 1296 524
891 13 20 1951 729
890 22 13 293 191
889 28 6 1636 436
888 20 23 1551 986
887 23 23 1382 991
886 7 3 1607 273
885 13 3 690 686
884 26 7 618 442
883 25 28 521 989
882 28 16 827 999
881 19 6 1204 453
880 29 22 561 236
879 6 6 1445 1014
878 22 16 982 229
877 26 10 574 593
876 9 22 909 192
875 13 9 1857 1017
874 13 6 1062 195
873 13 3 455 292
872 3 13 472 300
871 16 3 279 744
870 7 13 898 325
869 26 29 610 917
868 6 19 1243 977
867 3 13 355 737
866 16 13 1477 513
865 3 13 1313 1080
864 7 26 634 751
863 19 16 1012 845
862 16 29 1739 656
861 25 6 647 415
860 16 3 262 658
859 22 3 1565 763
858 26 7 738 375
857 13 6 1062 195
856 13 23 916 1026
855 13 20 1951 729
854 26 7 738 375
853 25 16 620 1002
852 3 13 685 443
851 9 19 775 997
850 6 6 1921 197
849 13 3 455 292
848 10 6 1747 577
847 28 25 952 377
846 3 16 753 124
845 19 3 762 269
844 3 10 1475 786
843 25 13 609 1070
842 16 22 491 581
841 13 3 455 292
840 23 23 1382 991
839 29 29 969 833
838 19 13 884 455
837 19 28 512 778
836 10 26 1843 187
835 29 20 1972 641
834 20 16 1200 991
833 22 19 1628 332
832 7 3 1607 273
831 6 3 1176 551
830 10 3 1886 632
829 3 13 1306 202
828 19 13 1875 107
827 22 28 1002 795
826 13 13 967 355
825 9 22 452 901
824 16 13 367 703
823 25 28 1909 396
822 29 20 1972 641
821 3 22 940 937
820 9 9 427 447
819 3 13 1210 892
818 3 13 633 583
817 3 16 1796 762
816 6 10 465 900
815 7 26 1257 632
814 19 6 1204 453
813 19 22 1440 777
812 20 20 418 893
811 23 23 1366 481
810 6 10 713 921
809 29 13 1014 130
808 13 13 1714 399
807 13 29 1511 325
806 7 16 789 650
805 20 13 636 446
804 22 28 347 1058
803 7 20 1577 1043
802 26 16 1303 358
801 9 19 1281 241
800 22 16 982 229
799 7 20 1577 1043
798 19 16 1489 751
797 16 29 1002 441
796 29 10 1463 145
795 6 22 794 783
794 3 13 1313 1080
793 7 26 1166 552
792 26 13 1295 104
791 6 6 1058 294
790 3 3 575 287
789 10 10 588 654
788 22 22 626 1048
787 19 28 213 755
786 16 28 935 528
785 26 7 618 442
784 25 22 471 448
783 16 28 1863 653
782 6 10 465 900
781 20 16 1200 991
780 7 16 764 617
779 10 29 1194 399
778 3 16 1105 256
777 22 25 1227 810
776 22 25 914 337
775 22 16 1598 841
774 13 25 1467 1058
773 16 29 1593 882
772 16 22 1579 619
771 9 25 1529 1008
770 29 16 1442 123
769 19 6 324 237
768 22 9 1509 598
767 3 23 697 699
766 13 25 1467 1058
765 6 13 1713 686
764 29 20 1704 502
763 3 9 1558 1056
762 22 19 470 470
761 7 10 801 919
760 16 22 1579 619
759 19 13 884 455
758 29 29 763 971
757 20 16 823 524
756 26 19 1397 1043
755 25 22 471 448
754 7 13 734 917
753 16 29 1002 441
752 19 19 1956 207
751 10 29 1065 111
750 10 10 588 654
749 6 3 453 537
748 7 23 907 152
747 26 22 1065 616
746 6 19 406 430
745 22 13 1897 272
744 13 29 1511 325
743 6 19 1243 977
742 19 22 735 193
741 3 7 1565 226
740 19 22 1440 777
739 7 29 598 161
738 6 19 1243 977
737 16 29 1739 656
736 28 16 827 999
735 16 13 1718 114
734 13 6 490 406
733 9 6 1467 681
732 19 16 1012 845
731 19 22 735 193
730 6 29 1800 116
729 16 3 836 819
728 16 29 533 935
727 19 10 1820 348
726 3 3 355 869
725 20 23 204 293
724 13 10 606 592
723 28 16 827 999
722 10 3 1641 417
721 20 20 418 893
720 16 16 1633 195
719 10 13 419 950
718 7 10 1630 963
717 20 23 1236 246
716 7 20 1577 1043
715 22 29 1500 828
714 7 16 789 650
713 22 22 318 898
712 25 28 724 816
711 28 9 1185 918
710 10 13 1315 328
709 10 23 1205 1088
708 23 20 437 996
707 26 22 1165 1100
706 22 16 982 229
705 10 3 1886 632
704 19 19 1437 576
703 29 16 1442 123
702 28 6 1636 436
701 28 25 952 377
700 6 3 615 970
699 13 29 1511 325
698 6 10 713 921
697 22 29 1448 487
696 6 16 1023 132
695 13 3 203 818
694 6 6 1058 294
693 22 22 626 1048
692 25 6 647 415
691 13 26 396 664
690 19 25 305 782
689 16 6 1188 697
688 7 26 1257 632
687 9 9 1137 1019
686 3 23 697 699
685 19 6 1813 756
684 6 16 618 1039
683 3 3 355 869
682 19 28 486 840
681 13 26 1639 927
680 19 13 1537 614
679 19 10 1820 348
678 13 3 690 686
677 7 13 734 917
676 13 13 1008 398
675 25 22 1331 509
674 13 6 1475 889
673 3 10 1791 520
672 9 9 427 447
671 16 3 279 744
670 22 29 1500 828
669 22 13 226 631
668 16 22 491 581
667 16 16 527 1100
666 16 28 1863 653
665 7 10 1630 963
664 3 22 940 937
663 13 3 699 1056
662 3 23 571 632
661 22 22 318 898
660 3 16 1391 846
659 10 6 542 430
658 7 20 1241 674
657 22 28 347 1058
656 16 28 875 1094
655 29 23 1148 789
654 16 13 671 726
653 25 19 1889 468
652 19 16 1967 865
651 20 13 1054 815
650 10 6 542 430
649 20 7 894 300
648 25 28 1521 284
647 13 3 466 937
646 19 16 1967 865
645 22 3 1492 283
644 16 29 1142 878
643 23 13 206 128
642 10 13 419 950
641 20 7 894 300
640 3 22 1768 195
639 20 16 823 524
638 10 26 1229 237
637 13 25 1026 365
636 9 19 1281 241
635 7 26 1257 632
634 6 26 1143 180
633 3 13 685 443
632 26 16 1303 358
631 3 3 575 287
630 22 16 1598 841
629 16 16 527 1100
628 7 13 898 325
627 22 19 470 470
626 13 6 580 558
625 26 6 1627 732
624 19 10 1820 348
623 19 16 1967 865
622 19 3 784 755
621 25 6 647 415
620 3 13 751 234
619 22 29 1448 487
618 10 22 1694 969
617 16 26 1590 728
616 16 29 1593 882
615 10 7 1801 301
614 13 29 1255 923
613 25 16 1200 591
612 6 16 647 872
611 22 9 1805 279
610 6 6 1445 1014
609 19 3 1814 369
608 25 19 1889 468
607 13 16 1785 297
606 13 25 1026 365
605 19 3 1982 619
604 26 22 1487 269
603 16 6 1332 642
602 10 22 1694 969
601 6 26 1291 1035
600 16 26 1590 728
599 13 10 1614 331
598 22 16 1819 768
597 10 3 1641 417
596 19 25 1263 748
595 3 19 952 540
594 10 26 410 192
593 7 7 1524 189
592 6 10 713 921
591 10 6 1747 577
590 26 16 403 402
589 3 19 754 984
588 19 16 1319 385
587 19 22 1440 777
586 20 13 1542 128
585 20 13 1542 128
584 10 13 419 950
583 16 26 1590 728
582 22 3 338 357
581 10 13 347 187
580 6 10 1572 528
579 9 25 849 1008
578 3 7 1565 226
577 13 23 1714 347
576 23 7 936 609
575 25 28 1909 396
574 22 10 1233 546
573 13 26 1073 1066
572 29 13 1014 130
571 16 19 234 1001
570 25 25 371 509
569 19 16 1351 615
568 13 26 396 664
567 16 23 746 416
566 26 6 774 314
565 3 3 355 869
564 26 20 1645 318
563 16 6 755 874
562 10 19 1278 267
561 28 6 1953 299
560 22 13 226 631
559 28 6 1636 436
558 10 3 1641 417
557 29 10 483 1038
556 29 26 719 600
555 10 23 1205 1088
554 26 20 971 308
553 6 19 486 789
552 10 19 709 692
551 19 19 1956 207
550 7 26 1257 632
549 19 3 762 269
548 19 22 1897 986
547 19 16 1319 385
546 16 3 262 658
545 25 28 724 816
544 6 6 1921 197
543 3 22 940 937
542 20 10 1569 720
541 16 29 1142 878
540 22 19 602 291
539 9 13 1442 168
538 10 29 676 526
537 13 23 1714 347
536 3 23 571 632
535 28 6 707 517
534 29 16 584 203
533 25 28 1909 396
532 10 23 1205 1088
531 19 28 512 778
530 19 3 784 755
529 6 26 1143 180
528 19 19 1956 207
527 25 13 1251 384
526 10 22 1694 969
525 20 23 1325 338
524 20 23 1551 986
523 25 16 1200 591
522 9 25 1529 1008
521 9 9 427 447
520 20 10 1569 720
519 28 22 330 563
518 22 3 338 357
517 9 19 775 997
516 28 6 707 517
515 26 16 1296 524
514 6 3 1347 609
513 22 28 1002 795
512 19 22 1440 777
511 23 3 1396 143
510 19 26 309 271
509 16 6 755 874
508 25 22 861 590
507 6 29 1800 116
506 10 29 1194 399
505 26 19 244 1055
504 13 23 1714 347
503 13 20 1925 840
502 16 13 671 726
501 26 7 738 375
500 19 22 1260 355
499 25 22 1331 509
498 25 22 861 590
497 6 6 564 1017
496 6 3 615 970
495 3 3 575 287
494 26 26 1170 838
493 26 6 774 314
492 13 13 1008 398
491 19 25 305 782
490 13 26 396 664
489 22 25 1227 810
488 3 19 754 984
487 22 10 1848 196
486 19 28 946 1021
485 16 28 1821 660
484 29 22 561 236
483 16 10 1508 454
482 23 23 1382 991
481 20 16 1200 991
480 25 13 546 1056
479 25 13 1251 384
478 29 26 1724 482
477 6 3 453 537
476 13 29 1511 325
475 29 10 1463 145
474 10 6 542 430
473 10 16 1202 634
472 29 10 1657 287
471 7 16 764 617
470 7 10 1672 419
469 22 28 1717 549
468 6 3 1347 609
467 13 13 1714 399
466 22 19 1628 332
465 23 3 1396 143
464 16 3 1518 1053
463 29 19 1268 1095
462 3 19 1432 1051
461 6 22 597 540
460 26 6 774 314
459 29 16 1051 169
458 28 6 707 517
457 29 26 1724 482
456 13 26 1253 542
455 19 13 1688 640
454 6 6 779 122
453 3 16 753 124
452 16 29 1730 638
451 3 16 501 692
450 19 13 1688 640
449 26 19 1397 1043
448 16 29 1739 656
447 10 16 1202 634
446 25 13 1251 384
445 20 10 1663 207
444 20 23 204 293
443 16 28 1821 660
442 19 22 1200 449
441 7 29 743 826
440 13 29 719 531
439 13 25 1467 1058
438 20 23 204 293
437 20 3 1785 160
436 19 22 691 728
435 13 3 621 723
434 10 3 1641 417
433 19 29 1523 353
432 29 22 561 236
431 7 13 898 325
430 7 3 1607 273
429 23 29 1232 389
428 10 19 709 692
427 3 9 1558 1056
426 10 26 1843 187
425 16 3 704 1025
424 3 3 1563 535
423 22 22 626 1048
422 13 16 1785 297
421 28 6 1953 299
420 25 28 1370 535
419 23 23 1382 991
418 10 26 1229 237
417 19 10 1820 348
416 7 7 501 800
415 19 22 735 193
414 6 16 618 1039
413 7 16 789 650
412 3 13 355 737
411 16 3 279 744
410 3 16 220 351
409 16 10 1309 888
408 16 6 1188 697
407 19 3 638 618
406 29 23 1148 789
405 23 3 1396 143
404 20 23 204 293
403 23 20 437 996
402 6 26 1991 318
401 16 6 1332 642
400 25 25 371 509
399 16 23 746 416
398 16 3 1518 1053
397 23 26 1520 942
396 6 10 713 921
395 19 3 1547 279
394 6 19 406 430
393 22 29 1448 487
392 25 28 221 802
391 16 26 1789 1077
390 10 13 414 478
389 7 29 598 161
388 20 16 823 524
387 19 22 1440 777
386 16 26 1789 1077
385 13 16 1838 354
384 9 6 748 381
383 29 26 1522 215
382 29 20 1972 641
381 26 20 971 308
380 26 6 1627 732
379 10 26 1229 237
378 25 13 609 1070
377 6 29 1859 261
376 22 22 318 898
375 9 25 849 1008
374 19 26 309 271
373 9 16 814 281
372 25 28 724 816
371 13 26 1073 1066
370 6 29 834 900
369 3 16 1456 192
368 6 19 996 631
367 20 23 204 293
366 16 28 1821 660
365 3 13 751 234
364 28 22 330 563
363 16 29 1002 441
362 16 13 367 703
361 26 20 1645 318
360 3 16 220 351
359 26 26 716 445
358 19 22 1897 986
357 26 19 1397 1043
356 22 13 709 953
355 16 10 1508 454
354 22 25 914 337
353 3 10 579 103
352 6 3 1176 551
351 26 16 1296 524
350 10 13 347 187
349 9 22 909 192
348 19 28 512 778
347 13 23 560 244
346 25 13 546 1056
345 20 16 823 524
344 26 6 1627 732
343 3 10 579 103
342 9 9 1137 1019
341 3 19 600 422
340 23 20 1786 1041
339 3 19 901 980
338 16 29 1694 404
337 22 16 982 229
336 3 19 901 980
335 13 6 1987 926
334 13 10 606 592
333 29 20 1704 502
332 3 23 571 632
331 19 28 512 778
330 26 26 1261 1009
329 29 29 969 833
328 25 19 1889 468
327 16 10 1508 454
326 10 13 419 950
325 7 16 764 617
324 16 16 1633 195
323 10 10 553 631
322 6 22 794 783
321 20 16 851 446
320 20 13 636 446
319 19 28 213 755
318 19 3 638 618
317 23 29 957 387
316 16 28 1863 653
315 3 13 633 583
314 19 6 217 732
313 29 26 1724 482
312 23 3 1396 143
311 16 13 367 703
310 6 16 647 872
309 6 29 1859 261
308 13 6 490 406
307 19 3 762 269
306 20 16 823 524
305 16 6 755 874
304 29 19 1268 1095
303 13 10 483 694
302 23 16 868 608
301 13 3 455 292
300 10 10 588 654
299 19 22 735 193
298 23 26 1913 600
297 6 19 406 430
296 16 28 935 528
295 7 13 898 325
294 19 19 1990 106
293 10 26 410 192
292 29 26 1724 482
291 3 10 984 463
290 20 7 386 964
289 16 28 935 528
288 7 20 412 756
287 20 23 1551 986
286 9 16 814 281
285 28 6 1953 299
284 19 22 1897 986
283 29 20 1991 704
282 6 29 1800 116
281 22 3 1492 283
280 7 26 1257 632
279 28 6 1208 309
278 3 13 355 737
277 25 22 580 176
276 28 16 827 999
275 20 23 1236 246
274 10 29 1488 1094
273 22 6 683 553
272 3 19 754 984
271 29 20 1704 502
270 3 16 220 351
269 25 28 1370 535
268 7 26 1166 552
267 26 20 971 308
266 23 26 1520 942
265 13 23 1714 347
264 23 23 1382 991
263 25 28 1521 284
262 10 19 1278 267
261 16 13 1477 513
260 9 19 775 997
259 19 3 1547 279
258 13 26 396 664
257 19 3 784 755
256 25 28 221 802
255 22 19 602 291
254 25 28 221 802
253 7 20 1241 674
252 19 26 836 356
251 19 16 1967 865
250 22 16 1598 841
249 22 6 683 553
248 3 19 1928 713
247 22 10 1848 196
246 19 6 217 732
245 10 10 553 631
244 22 9 1805 279
243 16 13 367 703
242 3 13 633 583
241 20 7 386 964
240 26 26 1790 648
239 20 23 1551 986
238 3 13 1907 307
237 23 20 1786 1041
236 25 28 521 989
235 19 22 691 728
234 19 3 1982 619
233 6 13 1713 686
232 16 3 477 194
231 3 13 355 737
230 19 22 1897 986
229 6 13 1713 686
228 19 16 1967 865
227 19 13 1784 152
226 3 20 1434 362
225 10 13 414 478
224 16 3 262 658
223 29 29 1019 326
222 3 22 940 937
221 23 20 1536 804
220 10 10 588 654
219 23 26 1594 1052
218 22 19 783 277
217 23 23 881 353
216 28 6 1953 299
215 29 20 1160 237
214 22 9 1509 598
213 3 16 1105 256
212 16 13 671 726
211 19 3 1982 619
210 26 22 1487 269
209 22 16 982 229
208 6 6 779 122
207 16 13 367 703
206 26 20 1645 318
205 13 13 1679 146
204 19 13 1537 614
203 19 16 1351 615
202 23 16 868 608
201 13 10 483 694
200 6 28 1820 271
199 6 26 1143 180
198 3 20 1434 362
197 9 6 748 381
196 6 6 779 122
195 29 29 1019 326
194 26 6 1627 732
193 3 10 984 463
192 3 13 685 443
191 28 19 1240 826
190 10 26 410 192
189 13 9 1857 1017
188 13 6 1987 926
187 10 22 1694 969
186 28 22 1166 491
185 26 20 971 308
184 28 6 1636 436
183 10 19 709 692
182 23 29 957 387
181 7 13 734 917
180 19 25 854 790
179 19 6 1813 756
178 6 26 1143 180
177 6 3 1347 609
176 13 13 1679 146
175 13 10 483 694
174 29 29 969 833
173 23 13 206 128
172 16 13 1477 513
171 22 3 1492 283
170 23 7 936 609
169 19 9 1059 580
168 6 22 666 504
167 23 7 983 372
166 13 6 1475 889
165 16 19 1193 338
164 19 3 522 1009
163 28 22 330 563
162 22 6 683 553
161 16 3 477 194
160 22 3 1565 763
159 29 20 1160 237
158 6 26 1991 318
157 23 16 1918 1042
156 13 29 1255 923
155 13 29 1255 923
154 10 10 1856 576
153 3 13 1502 270
152 25 6 216 182
151 20 16 851 446
150 19 28 213 755
149 6 22 794 783
148 25 13 546 1056
147 3 3 699 786
146 7 20 412 756
145 6 6 442 900
144 28 6 1636 436
143 25 28 521 989
142 29 20 1972 641
141 19 9 1059 580
140 6 22 794 783
139 16 3 477 194
138 7 26 1166 552
137 13 16 1838 354
136 19 19 1956 207
135 6 3 453 537
134 25 6 653 107
133 6 29 1859 261
132 7 20 1577 1043
131 6 6 1921 197
130 13 16 1785 297
129 25 28 1370 535
128 10 29 1488 1094
127 7 20 1880 705
126 3 7 1565 226
125 13 25 1026 365
124 16 13 1718 114
123 26 26 716 445
122 20 10 1569 720
121 29 16 1369 817
120 13 6 223 597
119 16 29 1694 404
118 13 9 820 552
117 29 29 969 833
116 22 9 1509 598
115 3 23 697 699
114 16 22 491 581
113 13 6 580 558
112 3 13 1502 270
111 23 29 957 387
110 6 22 794 783
109 22 19 287 752
108 19 25 854 790
107 6 6 1921 197
106 22 10 1848 196
105 19 28 946 1021
104 29 16 1369 817
103 16 29 1694 404
102 19 16 1351 615
101 13 13 1679 146
100 6 10 1572 528
99 20 26 1863 104
98 6 19 1185 822
97 3 3 699 786
96 9 6 1467 681
95 10 6 1747 577
94 29 10 483 1038
93 22 19 1628 332
92 13 10 738 190
91 25 25 371 509
90 23 7 983 372
89 10 22 1694 969
88 22 16 982 229
87 10 10 553 631
86 7 23 907 152
85 7 20 412 756
84 26 29 1233 434
83 13 3 795 302
82 19 9 1059 580
81 3 19 600 422
80 20 23 1325 338
79 29 23 1148 789
78 16 10 1309 888
77 13 6 1699 1020
76 10 3 1641 417
75 22 3 1492 283
74 20 23 204 293
73 9 22 909 192
72 13 6 490 406
71 22 16 1598 841
70 3 13 1306 202
69 20 13 1054 815
68 28 6 1065 121
67 25 22 1331 509
66 9 25 1529 1008
65 19 13 1904 276
64 13 3 203 818
63 10 19 709 692
62 16 23 746 416
61 7 13 734 917
60 3 19 600 422
59 13 6 223 597
58 6 3 615 970
57 20 16 851 446
56 10 13 347 187
55 19 3 522 1009
54 3 3 575 287
53 16 6 1332 642
52 23 16 868 608
51 28 16 327 1010
50 26 10 574 593
49 28 22 330 563
48 16 29 1002 441
47 9 22 452 901
46 3 19 1432 1051
45 19 3 522 1009
44 13 3 621 723
43 13 3 690 686
42 3 3 715 977
41 25 16 1200 591
40 20 3 1785 160
39 19 9 1897 881
38 20 16 823 524
37 13 6 1475 889
36 26 26 1261 1009
35 25 22 471 448
34 26 19 244 1055
33 7 29 598 161
32 16 10 1309 888
31 3 10 1791 520
30 26 26 496 520
29 20 7 386 964
28 3 10 984 463
27 16 16 878 697
26 23 16 1936 498
25 26 16 1303 358
24 13 6 223 597
23 16 6 755 874
22 16 3 262 658
21 3 16 1456 192
20 23 26 1520 942
19 23 7 983 372
18 3 3 699 786
17 26 19 1397 1043
16 28 16 327 1010
15 3 13 633 583
14 25 28 521 989
13 13 6 1062 195
12 19 9 1897 881
11 22 25 914 337
10 19 16 1351 615
9 26 26 496 520
8 13 13 1714 399
7 29 16 1051 169
6 13 23 1714 347
5 25 28 1370 535
4 29 26 1522 215
3 22 19 287 752
2 25 28 1909 396
1 13 16 1838 354
0 3 10 984 463
