4722 29 10 243 775 
6141 29 10 243 775 
10870 29 10 243 775 
9357 25 6 216 182 
12149 25 6 216 182 
1848 29 10 243 775 
14140 29 10 243 775 
10972 29 10 243 775 
11826 25 6 216 182 
13800 25 6 216 182 
6631 25 6 216 182 
12410 25 6 216 182 
11798 25 6 216 182 
152 25 6 216 182 
6285 29 10 243 775 
11352 25 6 216 182 
11786 29 10 243 775 
6600 25 6 216 182 
4598 25 6 216 182 
2613 25 6 216 182 
2658 25 6 216 182 
12711 29 10 243 775 
5210 25 6 216 182 
14051 25 6 216 182 
4586 29 10 243 775 
13341 29 10 243 775 
6851 25 6 216 182 
5025 25 6 216 182 
9858 25 6 216 182 
8385 25 6 216 182 
10536 29 10 243 775 
11922 29 10 243 775 
4626 25 6 216 182 
9813 25 6 216 182 
2157 25 6 216 182 
13704 23 13 206 128 
3094 23 13 206 128 
10634 23 13 206 128 
8135 23 13 206 128 
13485 29 10 243 775 
7352 25 6 216 182 
4949 25 6 216 182 
5483 25 6 216 182 
13831 25 6 216 182 
5012 25 6 216 182 
6388 29 10 243 775 
12225 25 6 216 182 
4152 25 6 216 182 
12683 25 6 216 182 
1185 25 6 216 182 
12212 25 6 216 182 
1151 29 10 243 775 
5082 29 10 243 775 
9048 29 10 243 775 
5341 29 10 243 775 
13588 29 10 243 775 
3336 29 10 243 775 
5327 29 10 243 775 
12282 29 10 243 775 
3670 29 10 243 775 
3772 29 10 243 775 
12527 29 10 243 775 
5511 29 10 243 775 
12541 29 10 243 775 
6940 29 10 243 775 
8351 29 10 243 775 
10027 29 10 243 775 
2827 29 10 243 775 
9562 23 13 206 128 
4260 23 13 206 128 
1907 23 13 206 128 
3366 23 13 206 128 
3716 23 13 206 128 
935 23 13 206 128 
1864 23 13 206 128 
173 23 13 206 128 
13587 23 13 206 128 
10916 23 13 206 128 
9107 23 13 206 128 
12840 23 13 206 128 
1186 23 13 206 128 
1510 23 13 206 128 
3434 23 13 206 128 
11460 23 13 206 128 
9064 23 13 206 128 
5640 23 13 206 128 
8710 23 13 206 128 
7843 23 13 206 128 
10294 23 13 206 128 
7373 23 13 206 128 
643 23 13 206 128 
2362 23 13 206 128 
6504 23 13 206 128 
6387 23 13 206 128 
10566 23 13 206 128 
8386 23 13 206 128 
13967 25 28 221 802 
7454 25 28 221 802 
392 25 28 221 802 
7456 25 28 221 802 
13071 25 28 221 802 
13085 25 28 221 802 
9330 25 28 221 802 
5604 25 28 221 802 
9335 25 28 221 802 
5885 25 28 221 802 
13557 25 28 221 802 
5506 25 28 221 802 
13606 25 28 221 802 
13167 25 28 221 802 
9835 25 28 221 802 
5871 25 28 221 802 
4460 25 28 221 802 
2635 25 28 221 802 
8342 25 28 221 802 
7592 25 28 221 802 
5967 25 28 221 802 
12706 25 28 221 802 
11660 25 28 221 802 
6406 25 28 221 802 
254 25 28 221 802 
256 25 28 221 802 
2130 25 28 221 802 
12804 25 28 221 802 
2135 25 28 221 802 
1142 25 28 221 802 
6767 25 28 221 802 
6357 25 28 221 802 
8518 20 23 204 293 
438 20 23 204 293 
9169 20 23 204 293 
4989 20 23 204 293 
404 20 23 204 293 
11380 20 23 204 293 
13290 20 23 204 293 
1318 20 23 204 293 
4180 20 23 204 293 
5401 20 23 204 293 
444 20 23 204 293 
12189 20 23 204 293 
12601 20 23 204 293 
8300 20 23 204 293 
7274 20 23 204 293 
7925 20 23 204 293 
1100 20 23 204 293 
6519 20 23 204 293 
5512 20 23 204 293 
74 20 23 204 293 
7638 20 23 204 293 
2697 20 23 204 293 
9897 20 23 204 293 
7644 20 23 204 293 
1969 20 23 204 293 
12712 20 23 204 293 
725 20 23 204 293 
13719 20 23 204 293 
6090 20 23 204 293 
7567 20 23 204 293 
7604 20 23 204 293 
367 20 23 204 293 
4507 26 19 244 1055 
12102 26 19 244 1055 
4902 26 19 244 1055 
8217 26 19 244 1055 
8197 26 19 244 1055 
4381 26 19 244 1055 
8442 26 19 244 1055 
4098 26 19 244 1055 
8517 26 19 244 1055 
4725 26 19 244 1055 
7705 26 19 244 1055 
11707 26 19 244 1055 
997 26 19 244 1055 
1017 26 19 244 1055 
11581 26 19 244 1055 
1242 26 19 244 1055 
1317 26 19 244 1055 
34 26 19 244 1055 
11298 26 19 244 1055 
10864 26 19 244 1055 
10727 26 19 244 1055 
2072 26 19 244 1055 
10559 26 19 244 1055 
11925 26 19 244 1055 
2487 26 19 244 1055 
9687 26 19 244 1055 
505 26 19 244 1055 
3527 26 19 244 1055 
9272 26 19 244 1055 
7234 26 19 244 1055 
3664 26 19 244 1055 
3359 26 19 244 1055 
6764 22 25 224 467 
14329 22 25 224 467 
6553 22 25 224 467 
9061 22 25 224 467 
6576 22 25 224 467 
13383 22 25 224 467 
13964 22 25 224 467 
9606 22 25 224 467 
2033 22 25 224 467 
3589 22 25 224 467 
10789 22 25 224 467 
6160 22 25 224 467 
7129 22 25 224 467 
9233 22 25 224 467 
6183 22 25 224 467 
11135 22 25 224 467 
11849 22 25 224 467 
1078 22 25 224 467 
1040 22 25 224 467 
3935 22 25 224 467 
2406 22 25 224 467 
13360 22 25 224 467 
6432 22 25 224 467 
1861 22 25 224 467 
13632 22 25 224 467 
13776 22 25 224 467 
4649 22 25 224 467 
12405 22 25 224 467 
8240 22 25 224 467 
5205 22 25 224 467 
8278 22 25 224 467 
13753 22 25 224 467 
6624 22 13 226 631 
4006 22 13 226 631 
8578 22 13 226 631 
3846 22 13 226 631 
4719 22 13 226 631 
11046 22 13 226 631 
11206 22 13 226 631 
14349 22 13 226 631 
6489 22 13 226 631 
1378 22 13 226 631 
13593 22 13 226 631 
6823 22 13 226 631 
1275 22 13 226 631 
7869 22 13 226 631 
13689 22 13 226 631 
7760 22 13 226 631 
13824 22 13 226 631 
6393 22 13 226 631 
3324 22 13 226 631 
560 22 13 226 631 
8475 22 13 226 631 
3138 22 13 226 631 
9724 22 13 226 631 
9827 22 13 226 631 
669 22 13 226 631 
14023 22 13 226 631 
2627 22 13 226 631 
2524 22 13 226 631 
11919 22 13 226 631 
10338 22 13 226 631 
10524 22 13 226 631 
7149 22 13 226 631 
2871 19 28 213 755 
11722 19 28 213 755 
12621 19 28 213 755 
3150 19 28 213 755 
787 19 28 213 755 
13123 19 28 213 755 
319 19 28 213 755 
2907 19 28 213 755 
13124 19 28 213 755 
10350 19 28 213 755 
7987 19 28 213 755 
10071 19 28 213 755 
10107 19 28 213 755 
14038 19 28 213 755 
4522 19 28 213 755 
6337 19 28 213 755 
13411 19 28 213 755 
7519 19 28 213 755 
5923 19 28 213 755 
5421 19 28 213 755 
13537 19 28 213 755 
150 19 28 213 755 
6211 19 28 213 755 
5924 19 28 213 755 
12520 19 28 213 755 
6838 19 28 213 755 
6130 19 28 213 755 
5331 19 28 213 755 
12531 19 28 213 755 
5320 19 28 213 755 
7350 19 28 213 755 
13330 19 28 213 755 
1273 19 6 217 732 
4303 19 6 217 732 
14300 19 6 217 732 
3432 26 29 267 777 
7514 19 6 217 732 
4354 19 6 217 732 
8473 19 6 217 732 
2284 26 29 267 777 
9337 19 6 217 732 
10846 19 6 217 732 
10219 26 29 267 777 
11503 19 6 217 732 
7100 19 6 217 732 
9455 19 6 217 732 
9460 19 6 217 732 
9484 26 29 267 777 
14137 19 6 217 732 
2674 26 29 267 777 
14132 26 29 267 777 
11554 19 6 217 732 
5791 19 6 217 732 
3306 26 29 267 777 
12991 19 6 217 732 
8924 26 29 267 777 
8799 26 29 267 777 
2587 19 6 217 732 
10506 26 29 267 777 
8972 26 29 267 777 
2255 19 6 217 732 
6932 26 29 267 777 
11255 26 29 267 777 
11271 19 6 217 732 
1599 26 29 267 777 
4055 26 29 267 777 
2260 19 6 217 732 
12192 26 29 267 777 
4071 19 6 217 732 
3646 19 6 217 732 
11794 19 6 217 732 
8904 13 3 203 818 
1772 26 29 267 777 
7446 19 6 217 732 
6937 19 6 217 732 
8939 13 3 203 818 
1739 13 3 203 818 
12174 13 3 203 818 
1724 26 29 267 777 
1704 13 3 203 818 
11191 13 3 203 818 
695 13 3 203 818 
2648 13 3 203 818 
7264 13 3 203 818 
8614 26 29 267 777 
1414 26 29 267 777 
2688 26 29 267 777 
4992 26 29 267 777 
3019 26 29 267 777 
8191 26 29 267 777 
9787 19 6 217 732 
2492 26 29 267 777 
991 26 29 267 777 
9574 19 6 217 732 
4838 26 29 267 777 
314 19 6 217 732 
2374 19 6 217 732 
9874 26 29 267 777 
2137 19 6 217 732 
9888 26 29 267 777 
4594 19 6 217 732 
10632 26 29 267 777 
12038 26 29 267 777 
9692 26 29 267 777 
246 19 6 217 732 
3423 22 22 265 766 
4326 22 22 265 766 
1981 22 22 265 766 
14031 22 22 265 766 
12657 22 22 265 766 
13391 22 22 265 766 
6831 22 22 265 766 
5141 22 22 265 766 
5324 22 22 265 766 
4781 22 22 265 766 
10020 22 22 265 766 
14027 16 3 227 464 
9181 22 22 265 766 
12524 22 22 265 766 
13195 22 22 265 766 
8662 22 22 265 766 
12403 22 22 265 766 
10623 22 22 265 766 
5457 22 22 265 766 
1462 22 22 265 766 
6766 16 3 227 464 
5218 22 22 265 766 
12418 22 22 265 766 
11981 22 22 265 766 
5995 22 22 265 766 
5982 16 3 227 464 
6947 22 22 265 766 
5042 22 22 265 766 
12341 22 22 265 766 
11526 22 22 265 766 
6191 22 22 265 766 
12242 22 22 265 766 
14147 22 22 265 766 
6632 16 3 227 464 
12110 13 3 203 818 
5203 22 22 265 766 
2820 22 22 265 766 
3845 16 19 234 1001 
571 16 19 234 1001 
9333 16 19 234 1001 
9538 16 19 234 1001 
2861 16 19 234 1001 
4548 16 19 234 1001 
13353 16 19 234 1001 
11683 16 19 234 1001 
8260 16 19 234 1001 
13143 16 19 234 1001 
11176 16 19 234 1001 
10172 16 19 234 1001 
4483 16 19 234 1001 
2133 16 19 234 1001 
5608 16 19 234 1001 
9712 16 19 234 1001 
2826 16 19 234 1001 
11748 16 19 234 1001 
3976 16 19 234 1001 
1060 16 19 234 1001 
13507 16 19 234 1001 
10026 16 19 234 1001 
6307 16 19 234 1001 
10061 16 19 234 1001 
7771 16 19 234 1001 
2512 16 19 234 1001 
6153 16 19 234 1001 
2338 16 19 234 1001 
12808 16 19 234 1001 
2972 16 19 234 1001 
5943 16 19 234 1001 
11045 16 19 234 1001 
2770 28 16 327 1010 
2187 28 16 327 1010 
9908 28 16 327 1010 
9970 28 16 327 1010 
13376 28 16 327 1010 
13966 16 3 227 464 
6710 28 16 327 1010 
6176 28 16 327 1010 
2222 16 3 227 464 
12120 16 3 227 464 
7063 28 16 327 1010 
1522 28 16 327 1010 
9422 16 3 227 464 
9387 28 16 327 1010 
7147 16 3 227 464 
7154 28 16 327 1010 
10624 28 16 327 1010 
2708 28 16 327 1010 
9664 28 16 327 1010 
3424 28 16 327 1010 
64 13 3 203 818 
9702 13 3 203 818 
51 28 16 327 1010 
13910 28 16 327 1010 
7216 28 16 327 1010 
6827 16 3 227 464 
5633 16 3 227 464 
7058 13 3 203 818 
2951 13 3 203 818 
9848 13 3 203 818 
7251 28 16 327 1010 
16 28 16 327 1010 
5472 28 16 327 1010 
8722 28 16 327 1010 
4560 16 3 227 464 
8218 16 3 227 464 
13245 13 3 203 818 
4562 13 3 203 818 
4597 13 3 203 818 
13665 28 16 327 1010 
8454 28 16 327 1010 
6465 28 16 327 1010 
11604 16 3 227 464 
1082 28 16 327 1010 
14263 28 16 327 1010 
14258 13 3 203 818 
12672 28 16 327 1010 
2464 28 16 327 1010 
8282 28 16 327 1010 
14354 28 16 327 1010 
11760 16 3 227 464 
11762 13 3 203 818 
2502 13 3 203 818 
109 22 19 287 752 
2540 22 19 287 752 
12491 22 19 287 752 
13638 16 3 227 464 
1254 28 16 327 1010 
5775 13 6 223 597 
8132 13 6 223 597 
24 13 6 223 597 
9655 13 6 223 597 
13539 22 19 287 752 
5708 22 19 287 752 
12495 22 19 287 752 
7203 22 19 287 752 
13772 22 19 287 752 
3095 13 6 223 597 
2534 22 19 287 752 
10882 22 19 287 752 
932 13 6 223 597 
5291 22 19 287 752 
59 13 6 223 597 
5372 22 19 287 752 
6339 22 19 287 752 
6572 22 19 287 752 
5295 22 19 287 752 
13954 13 6 223 597 
6754 13 6 223 597 
6242 22 19 287 752 
6438 16 3 227 464 
12050 13 6 223 597 
13442 22 19 287 752 
13683 16 3 227 464 
4920 16 3 227 464 
6872 13 3 203 818 
4974 13 3 203 818 
4910 13 3 203 818 
6045 13 3 203 818 
7895 13 3 203 818 
120 13 6 223 597 
5058 13 6 223 597 
1491 22 19 287 752 
3 22 19 287 752 
8815 22 19 287 752 
3890 22 19 287 752 
3869 22 19 287 752 
2794 13 6 223 597 
7309 22 19 287 752 
7719 28 22 330 563 
7564 28 22 330 563 
10289 28 22 330 563 
364 28 22 330 563 
6483 16 3 227 464 
1615 22 19 287 752 
9734 22 19 287 752 
11069 22 19 287 752 
11090 22 19 287 752 
3682 22 19 287 752 
9740 22 19 287 752 
12908 22 19 287 752 
12572 22 19 287 752 
8691 22 19 287 752 
13016 28 22 330 563 
6526 28 22 330 563 
2148 28 22 330 563 
13726 28 22 330 563 
12771 28 22 330 563 
9893 28 22 330 563 
3089 28 22 330 563 
1018 16 3 227 464 
2903 28 22 330 563 
2963 13 6 223 597 
4850 13 6 223 597 
10737 28 22 330 563 
5816 28 22 330 563 
2693 28 22 330 563 
8587 16 3 227 464 
8785 28 22 330 563 
9348 28 22 330 563 
7249 28 22 330 563 
163 28 22 330 563 
1789 28 22 330 563 
10110 22 13 293 191 
890 22 13 293 191 
13130 22 13 293 191 
10489 22 13 293 191 
8090 22 13 293 191 
14347 16 3 227 464 
49 28 22 330 563 
1387 16 3 227 464 
10103 28 22 330 563 
9700 22 13 293 191 
6602 22 13 293 191 
4226 16 3 227 464 
519 28 22 330 563 
3537 28 22 330 563 
3701 28 22 330 563 
5571 28 22 330 563 
1585 28 22 330 563 
1837 28 22 330 563 
8989 28 22 330 563 
10901 28 22 330 563 
9037 28 22 330 563 
7363 28 22 330 563 
10481 22 13 293 191 
10373 22 13 293 191 
13314 22 13 293 191 
6114 22 13 293 191 
13546 22 13 293 191 
12833 16 3 227 464 
14274 22 13 293 191 
13182 16 3 227 464 
3991 13 3 203 818 
4232 22 13 293 191 
13832 16 3 227 464 
11797 13 3 203 818 
10010 22 13 293 191 
13829 13 3 203 818 
2910 22 13 293 191 
6551 22 13 293 191 
11540 22 13 293 191 
14072 13 3 203 818 
10151 13 3 203 818 
13802 22 13 293 191 
4340 22 13 293 191 
13751 22 13 293 191 
5930 22 13 293 191 
5238 22 13 293 191 
13788 16 3 227 464 
2810 22 13 293 191 
3173 22 13 293 191 
12438 22 13 293 191 
6629 13 3 203 818 
2500 22 13 293 191 
3289 22 13 293 191 
11426 16 3 227 464 
4404 16 3 227 464 
6588 16 3 227 464 
3281 22 13 293 191 
6346 22 13 293 191 
11432 22 13 293 191 
7074 22 13 293 191 
3712 13 6 223 597 
10912 13 6 223 597 
3700 13 6 223 597 
12258 13 6 223 597 
7259 13 6 223 597 
7224 13 6 223 597 
10992 13 6 223 597 
9407 13 6 223 597 
10900 13 6 223 597 
3792 13 6 223 597 
8901 22 3 338 357 
10169 22 3 338 357 
13079 22 3 338 357 
8336 22 3 338 357 
13009 22 3 338 357 
5879 22 3 338 357 
13945 22 3 338 357 
4398 22 3 338 357 
13403 22 3 338 357 
9373 22 3 338 357 
13887 22 3 338 357 
2969 22 3 338 357 
4321 22 3 338 357 
7718 22 3 338 357 
5809 22 3 338 357 
8178 22 3 338 357 
3479 22 3 338 357 
9108 16 3 262 658 
2369 16 3 262 658 
10455 16 3 262 658 
6867 16 3 262 658 
2440 16 3 262 658 
14067 16 3 262 658 
2310 22 22 318 898 
7320 13 6 223 597 
713 22 22 318 898 
10058 22 22 318 898 
2505 22 22 318 898 
4479 22 22 318 898 
1574 22 22 318 898 
11177 16 3 262 658 
12835 22 22 318 898 
12476 22 22 318 898 
3800 22 22 318 898 
11194 16 3 262 658 
11814 22 22 318 898 
3896 16 3 262 658 
8774 22 22 318 898 
3977 16 3 262 658 
3994 16 3 262 658 
7424 16 3 262 658 
4373 22 22 318 898 
376 22 22 318 898 
5276 22 22 318 898 
5038 16 3 262 658 
7576 22 22 318 898 
8216 22 22 318 898 
4614 22 22 318 898 
2207 13 6 223 597 
11573 22 22 318 898 
6378 16 3 262 658 
8060 16 3 262 658 
1016 22 22 318 898 
11679 22 22 318 898 
7746 16 3 262 658 
7913 22 22 318 898 
13312 16 3 262 658 
9994 13 6 223 597 
7861 22 22 318 898 
661 22 22 318 898 
6112 16 3 262 658 
9510 22 22 318 898 
2455 13 6 223 597 
10295 13 6 223 597 
1908 16 3 262 658 
9569 16 3 262 658 
1953 22 22 318 898 
5826 22 22 318 898 
9640 16 3 262 658 
9705 22 22 318 898 
13026 22 22 318 898 
12975 13 6 223 597 
11481 9 13 211 1039 
917 9 13 211 1039 
2858 22 22 318 898 
6697 9 13 211 1039 
5635 22 22 318 898 
7222 16 3 262 658 
1264 9 13 211 1039 
9153 22 22 318 898 
10163 13 6 223 597 
3255 16 3 262 658 
11096 16 3 262 658 
6194 16 3 262 658 
13578 16 3 262 658 
13394 16 3 262 658 
11656 16 3 279 744 
10644 19 25 305 782 
2349 19 25 305 782 
10962 9 13 211 1039 
11000 22 22 318 898 
2173 22 3 338 357 
973 19 25 305 782 
1005 19 25 305 782 
11480 16 3 279 744 
11709 19 25 305 782 
1426 16 3 279 744 
2364 19 25 305 782 
14085 19 25 305 782 
2060 16 3 279 744 
1343 19 25 305 782 
1559 16 3 279 744 
13484 19 25 305 782 
10594 16 3 279 744 
10945 9 13 211 1039 
1952 19 25 305 782 
985 16 3 279 744 
1851 9 13 211 1039 
11249 9 13 211 1039 
6284 19 25 305 782 
12805 19 25 305 782 
3058 9 13 211 1039 
9260 16 3 279 744 
8626 16 3 279 744 
8759 16 3 279 744 
5605 19 25 305 782 
491 19 25 305 782 
9152 19 25 305 782 
13078 9 13 211 1039 
8543 19 25 305 782 
12506 9 13 211 1039 
3444 19 25 305 782 
3394 16 3 279 744 
9414 16 3 279 744 
9549 19 25 305 782 
13897 9 13 211 1039 
3174 19 25 305 782 
9564 19 25 305 782 
9051 9 13 211 1039 
3745 9 13 211 1039 
3762 9 13 211 1039 
5823 19 25 305 782 
4049 9 13 211 1039 
12456 9 13 211 1039 
9728 19 25 305 782 
5350 9 13 211 1039 
7890 19 25 305 782 
4280 16 3 279 744 
12404 9 13 211 1039 
7691 19 25 305 782 
8117 9 13 211 1039 
8173 19 25 305 782 
8205 19 25 305 782 
5204 9 13 211 1039 
4456 16 3 279 744 
5217 16 3 279 744 
4509 19 25 305 782 
7611 16 3 279 744 
8185 16 3 279 744 
8071 16 3 279 744 
4787 16 3 279 744 
5256 9 13 211 1039 
5306 9 13 211 1039 
8464 9 13 211 1039 
4281 9 13 211 1039 
5348 9 13 211 1039 
10374 19 25 305 782 
7871 16 3 279 744 
4959 16 3 279 744 
13023 19 25 305 782 
5878 9 13 211 1039 
10258 9 13 211 1039 
12548 9 13 211 1039 
9952 9 13 211 1039 
2086 19 26 309 271 
10774 19 26 309 271 
5867 19 26 309 271 
13067 19 26 309 271 
1842 19 26 309 271 
2136 19 26 309 271 
9547 19 26 309 271 
9560 19 26 309 271 
5910 25 25 371 509 
5318 25 25 371 509 
7782 22 3 338 357 
6271 22 3 338 357 
5477 25 25 371 509 
3836 25 25 371 509 
7291 25 25 371 509 
13471 22 3 338 357 
11036 25 25 371 509 
1701 22 3 338 357 
13110 25 25 371 509 
3452 25 25 371 509 
3438 25 25 371 509 
13929 25 25 371 509 
11521 22 3 338 357 
1136 22 3 338 357 
6908 25 25 371 509 
4612 25 25 371 509 
10187 25 25 371 509 
11598 22 3 338 357 
13650 25 25 371 509 
2319 25 25 371 509 
7600 25 25 371 509 
978 22 3 338 357 
7770 25 25 371 509 
6450 25 25 371 509 
10473 25 25 371 509 
10638 25 25 371 509 
10679 22 3 338 357 
6687 22 3 338 357 
6745 22 3 338 357 
6203 22 3 338 357 
10053 16 3 279 744 
2528 19 25 305 782 
2575 16 3 279 744 
2853 16 3 279 744 
2752 9 13 211 1039 
12550 9 13 211 1039 
6885 19 25 305 782 
8408 16 16 287 918 
374 19 26 309 271 
13322 16 16 287 918 
7574 19 26 309 271 
4432 19 26 309 271 
4453 19 26 309 271 
9775 16 3 279 744 
690 19 25 305 782 
1208 16 16 287 918 
6589 16 16 287 918 
13789 16 16 287 918 
9613 16 16 287 918 
8616 16 16 287 918 
1416 16 16 287 918 
12663 19 26 309 271 
3349 16 16 287 918 
12401 16 16 287 918 
2360 19 26 309 271 
10396 16 16 287 918 
2413 16 16 287 918 
2347 19 26 309 271 
7710 19 26 309 271 
11653 19 26 309 271 
12369 19 26 309 271 
11632 19 26 309 271 
5989 16 16 287 918 
5169 19 26 309 271 
10457 16 16 287 918 
5201 16 16 287 918 
6122 16 16 287 918 
13456 16 16 287 918 
3724 16 16 287 918 
10887 16 16 287 918 
8762 19 26 309 271 
5683 19 26 309 271 
8898 16 16 287 918 
3196 16 16 287 918 
3574 19 26 309 271 
3747 16 16 287 918 
1562 19 26 309 271 
9286 19 26 309 271 
9042 19 26 309 271 
6256 16 16 287 918 
510 19 26 309 271 
1698 16 16 287 918 
3687 16 16 287 918 
3257 16 16 287 918 
9904 19 26 309 271 
12883 19 26 309 271 
2704 19 26 309 271 
10947 16 16 287 918 
5463 19 26 309 271 
9336 19 26 309 271 
10924 16 16 287 918 
10549 16 16 287 918 
13189 16 16 287 918 
14200 16 16 287 918 
7000 16 16 287 918 
5734 19 6 324 237 
2850 19 6 324 237 
12934 19 6 324 237 
3686 19 6 324 237 
3639 19 6 324 237 
6677 19 6 324 237 
10886 19 6 324 237 
13877 19 6 324 237 
5794 19 6 324 237 
2908 19 6 324 237 
11256 19 6 324 237 
4056 19 6 324 237 
6626 19 6 324 237 
11623 19 6 324 237 
2979 19 6 324 237 
1107 19 6 324 237 
8133 22 28 347 1058 
12034 22 28 347 1058 
7857 22 28 347 1058 
2370 22 28 347 1058 
5151 19 6 324 237 
1077 22 28 347 1058 
4834 22 28 347 1058 
1729 22 28 347 1058 
3433 22 28 347 1058 
1735 22 28 347 1058 
9767 19 6 324 237 
8277 22 28 347 1058 
7969 19 6 324 237 
6991 22 28 347 1058 
13292 22 28 347 1058 
8004 22 28 347 1058 
6599 22 28 347 1058 
804 22 28 347 1058 
5971 22 28 347 1058 
10108 19 6 324 237 
13799 22 28 347 1058 
9570 22 28 347 1058 
4266 22 28 347 1058 
6092 22 28 347 1058 
10839 19 6 324 237 
14191 22 28 347 1058 
1360 19 6 324 237 
12994 19 6 324 237 
6606 22 28 347 1058 
14215 22 28 347 1058 
13806 22 28 347 1058 
8560 19 6 324 237 
10050 19 6 324 237 
13826 19 6 324 237 
13171 22 28 347 1058 
933 22 28 347 1058 
10633 22 28 347 1058 
657 22 28 347 1058 
7015 22 28 347 1058 
8307 19 6 324 237 
8935 22 28 347 1058 
8929 22 28 347 1058 
10179 19 6 324 237 
4423 19 6 324 237 
11466 22 28 347 1058 
3273 25 25 371 509 
2987 25 25 371 509 
6729 25 25 371 509 
9519 25 25 371 509 
10652 25 25 371 509 
2567 19 6 324 237 
14108 25 25 371 509 
860 16 3 262 658 
570 25 25 371 509 
518 22 3 338 357 
22 16 3 262 658 
224 16 3 262 658 
12518 25 25 371 509 
582 22 3 338 357 
546 16 3 262 658 
12159 16 3 279 744 
91 25 25 371 509 
8715 26 16 403 402 
2083 26 16 403 402 
9949 26 16 403 402 
12617 26 16 403 402 
12183 26 16 403 402 
11973 26 16 403 402 
411 16 3 279 744 
12677 25 25 371 509 
12238 16 3 262 658 
11812 25 25 371 509 
8568 26 16 403 402 
5283 26 16 403 402 
7790 26 16 403 402 
5261 26 16 403 402 
9283 26 16 403 402 
12461 26 16 403 402 
5787 26 16 403 402 
4773 26 16 403 402 
5859 26 16 403 402 
9878 26 16 403 402 
3979 26 16 403 402 
5212 26 16 403 402 
12483 26 16 403 402 
2678 26 16 403 402 
12417 16 3 279 744 
1515 26 16 403 402 
671 16 3 279 744 
769 19 6 324 237 
400 25 25 371 509 
14115 26 16 403 402 
871 16 3 279 744 
5417 26 16 403 402 
2749 26 16 403 402 
13059 26 16 403 402 
1368 26 16 403 402 
4983 26 16 403 402 
11179 26 16 403 402 
6915 26 16 403 402 
11987 16 3 279 744 
12412 26 16 403 402 
12987 26 16 403 402 
590 26 16 403 402 
12351 19 6 324 237 
10505 29 10 483 1038 
6625 29 10 483 1038 
14021 29 10 483 1038 
11837 29 10 483 1038 
7757 29 10 483 1038 
7294 29 10 483 1038 
3773 29 10 483 1038 
9044 29 10 483 1038 
2735 29 10 483 1038 
9346 29 10 483 1038 
10973 29 10 483 1038 
13825 29 10 483 1038 
13185 29 10 483 1038 
557 29 10 483 1038 
10415 29 10 483 1038 
3305 29 10 483 1038 
6821 29 10 483 1038 
9635 29 10 483 1038 
2435 29 10 483 1038 
2650 29 10 483 1038 
4637 29 10 483 1038 
9935 29 10 483 1038 
3215 29 10 483 1038 
6560 29 10 483 1038 
1844 29 10 483 1038 
9850 29 10 483 1038 
10664 29 10 483 1038 
2146 29 10 483 1038 
94 29 10 483 1038 
3464 29 10 483 1038 
5985 29 10 483 1038 
13760 29 10 483 1038 
13187 20 7 386 964 
12561 20 7 386 964 
8186 20 7 386 964 
241 20 7 386 964 
13441 20 7 386 964 
7229 20 7 386 964 
5987 20 7 386 964 
10517 20 7 386 964 
10334 20 7 386 964 
1893 20 7 386 964 
2573 20 7 386 964 
13971 20 7 386 964 
8490 20 7 386 964 
7441 20 7 386 964 
3317 20 7 386 964 
986 20 7 386 964 
6771 20 7 386 964 
29 20 7 386 964 
6241 20 7 386 964 
10082 20 7 386 964 
13523 20 7 386 964 
1290 20 7 386 964 
290 20 7 386 964 
2517 20 7 386 964 
9093 20 7 386 964 
7490 20 7 386 964 
5361 20 7 386 964 
2882 20 7 386 964 
6323 20 7 386 964 
3134 20 7 386 964 
9773 20 7 386 964 
9717 20 7 386 964 
2920 23 20 437 996 
3925 23 20 437 996 
3565 23 20 437 996 
9868 23 20 437 996 
11664 23 20 437 996 
12618 3 16 220 351 
708 23 20 437 996 
11125 23 20 437 996 
5347 23 20 437 996 
2668 23 20 437 996 
7908 23 20 437 996 
1143 23 20 437 996 
3882 23 20 437 996 
11082 23 20 437 996 
403 23 20 437 996 
5988 23 20 437 996 
11680 3 16 220 351 
4520 23 20 437 996 
10765 23 20 437 996 
7603 23 20 437 996 
7059 23 20 437 996 
8343 23 20 437 996 
12547 23 20 437 996 
13117 23 20 437 996 
4464 23 20 437 996 
13188 23 20 437 996 
11720 23 20 437 996 
10120 23 20 437 996 
5237 23 20 437 996 
12437 23 20 437 996 
5917 23 20 437 996 
14259 23 20 437 996 
14110 23 20 437 996 
6910 23 20 437 996 
7511 16 13 367 703 
9116 16 13 367 703 
1011 16 13 367 703 
9507 25 22 471 448 
9139 16 13 367 703 
207 16 13 367 703 
13875 20 20 418 893 
5107 20 20 418 893 
6675 20 20 418 893 
4650 20 20 418 893 
9021 20 20 418 893 
13686 20 20 418 893 
7921 20 20 418 893 
9948 25 22 471 448 
7235 25 22 471 448 
12104 16 13 367 703 
721 20 20 418 893 
5136 20 20 418 893 
1821 20 20 418 893 
8012 20 20 418 893 
812 20 20 418 893 
6493 20 20 418 893 
4110 20 20 418 893 
4396 20 20 418 893 
11596 20 20 418 893 
10578 20 20 418 893 
12119 20 20 418 893 
3378 20 20 418 893 
4919 20 20 418 893 
1690 20 20 418 893 
10515 20 20 418 893 
12307 20 20 418 893 
8663 20 20 418 893 
8890 20 20 418 893 
11310 20 20 418 893 
11850 20 20 418 893 
3315 20 20 418 893 
6486 20 20 418 893 
13693 20 20 418 893 
12336 20 20 418 893 
1463 20 20 418 893 
2568 25 22 471 448 
14127 25 22 471 448 
5576 25 22 471 448 
5626 25 22 471 448 
13733 25 22 471 448 
11646 25 22 471 448 
9768 25 22 471 448 
12776 25 22 471 448 
4446 25 22 471 448 
12587 3 16 220 351 
2307 25 22 471 448 
755 25 22 471 448 
9034 25 22 471 448 
11738 16 13 367 703 
12826 25 22 471 448 
8024 16 13 367 703 
7443 16 13 367 703 
7984 25 22 471 448 
3872 25 22 471 448 
12612 25 22 471 448 
2748 25 22 471 448 
7407 16 13 367 703 
13114 16 13 367 703 
3395 25 22 471 448 
1834 25 22 471 448 
8211 16 13 367 703 
3411 16 13 367 703 
10595 25 22 471 448 
5412 25 22 471 448 
7955 25 22 471 448 
11072 25 22 471 448 
6797 25 22 471 448 
3641 16 13 367 703 
9485 16 13 367 703 
243 16 13 367 703 
9730 16 13 367 703 
11462 3 16 220 351 
410 3 16 220 351 
784 25 22 471 448 
6259 3 16 220 351 
13997 25 22 471 448 
35 25 22 471 448 
6927 25 22 471 448 
6533 25 22 471 448 
7562 16 13 367 703 
13136 16 13 367 703 
5914 16 13 367 703 
4538 16 13 367 703 
2285 16 13 367 703 
1916 16 13 367 703 
10841 16 13 367 703 
1939 16 13 367 703 
5936 16 13 367 703 
311 16 13 367 703 
362 16 13 367 703 
2530 16 13 367 703 
10611 16 13 367 703 
824 16 13 367 703 
4904 16 13 367 703 
12630 3 16 220 351 
13459 3 16 220 351 
10850 3 16 220 351 
6787 3 16 220 351 
5342 3 16 220 351 
7470 3 16 220 351 
10022 3 16 220 351 
360 3 16 220 351 
7131 3 16 220 351 
5418 3 16 220 351 
12542 3 16 220 351 
14331 3 16 220 351 
3559 3 16 220 351 
7610 3 16 220 351 
10759 3 16 220 351 
4480 3 16 220 351 
4262 3 16 220 351 
5387 3 16 220 351 
13987 3 16 220 351 
5250 3 16 220 351 
12450 3 16 220 351 
3650 3 16 220 351 
7560 3 16 220 351 
5430 3 16 220 351 
270 3 16 220 351 
2822 3 16 220 351 
13380 26 26 496 520 
10787 26 26 496 520 
12730 26 26 496 520 
10067 26 26 496 520 
12688 26 26 496 520 
30 26 26 496 520 
9714 26 26 496 520 
5530 26 26 496 520 
6180 26 26 496 520 
2231 26 26 496 520 
12818 26 26 496 520 
2940 26 26 496 520 
7230 26 26 496 520 
2514 26 26 496 520 
13706 26 26 496 520 
14316 26 26 496 520 
9 26 26 496 520 
6506 26 26 496 520 
3587 26 26 496 520 
7209 26 26 496 520 
1793 26 26 496 520 
5488 26 26 496 520 
9431 26 26 496 520 
5192 26 26 496 520 
7116 26 26 496 520 
2867 26 26 496 520 
9797 26 26 496 520 
12392 26 26 496 520 
5618 26 26 496 520 
10140 26 26 496 520 
8993 26 26 496 520 
2597 26 26 496 520 
4853 22 19 470 470 
6509 22 19 470 470 
9605 22 19 470 470 
2671 22 19 470 470 
2419 22 19 470 470 
2405 22 19 470 470 
10360 22 19 470 470 
7827 22 19 470 470 
10141 22 19 470 470 
12053 22 19 470 470 
762 22 19 470 470 
11587 22 19 470 470 
627 22 19 470 470 
4387 22 19 470 470 
4841 22 19 470 470 
13926 22 19 470 470 
7962 22 19 470 470 
12041 22 19 470 470 
2941 22 19 470 470 
9619 22 19 470 470 
2792 22 19 470 470 
9992 22 19 470 470 
2898 22 19 470 470 
6726 22 19 470 470 
10098 22 19 470 470 
8516 22 19 470 470 
3160 22 19 470 470 
12745 22 19 470 470 
9871 22 19 470 470 
5545 22 19 470 470 
1316 22 19 470 470 
13709 22 19 470 470 
7343 25 28 521 989 
11305 25 28 521 989 
2756 29 22 561 236 
2068 29 22 561 236 
13576 29 22 561 236 
432 29 22 561 236 
8080 29 22 561 236 
12486 29 22 561 236 
8844 29 22 561 236 
1644 29 22 561 236 
1645 29 22 561 236 
8845 29 22 561 236 
2474 29 22 561 236 
2131 29 22 561 236 
2421 29 22 561 236 
10228 25 28 521 989 
11943 25 28 521 989 
8510 25 28 521 989 
1858 29 22 561 236 
12582 29 22 561 236 
880 29 22 561 236 
2150 29 22 561 236 
11957 25 28 521 989 
6010 25 28 521 989 
484 29 22 561 236 
9956 29 22 561 236 
3805 25 28 521 989 
143 25 28 521 989 
883 25 28 521 989 
11005 25 28 521 989 
12507 25 28 521 989 
13320 25 28 521 989 
12512 25 28 521 989 
10493 29 16 584 203 
4894 29 16 584 203 
8877 29 16 584 203 
4757 25 28 521 989 
10718 25 28 521 989 
8083 25 28 521 989 
6120 25 28 521 989 
8814 29 16 584 203 
12896 29 16 584 203 
1815 29 16 584 203 
9058 29 22 561 236 
2073 25 28 521 989 
4743 25 28 521 989 
7214 25 28 521 989 
12366 29 16 584 203 
13428 29 16 584 203 
4987 29 16 584 203 
9015 29 16 584 203 
13592 29 16 584 203 
10207 29 16 584 203 
1614 29 16 584 203 
6228 29 16 584 203 
5696 29 16 584 203 
1409 29 16 584 203 
1677 29 16 584 203 
13779 29 16 584 203 
4178 16 10 396 514 
6200 16 10 396 514 
4854 16 10 396 514 
8974 16 10 396 514 
1774 16 10 396 514 
14015 16 10 396 514 
7632 29 22 561 236 
1405 16 10 396 514 
4319 29 16 584 203 
14355 16 10 396 514 
7070 16 10 396 514 
13307 16 10 396 514 
5682 16 10 396 514 
3530 16 10 396 514 
3056 16 10 396 514 
9268 29 22 561 236 
6434 29 22 561 236 
4304 29 16 584 203 
5827 16 10 396 514 
3007 29 16 584 203 
12882 16 10 396 514 
13602 16 10 396 514 
6402 16 10 396 514 
8605 16 10 396 514 
4116 16 10 396 514 
11378 16 10 396 514 
6107 16 10 396 514 
10256 16 10 396 514 
13400 16 10 396 514 
10730 16 10 396 514 
13027 16 10 396 514 
14270 16 10 396 514 
4970 16 10 396 514 
7734 29 16 584 203 
7155 16 10 396 514 
11316 16 10 396 514 
12170 16 10 396 514 
6815 16 10 396 514 
12054 16 10 396 514 
5166 29 16 584 203 
7348 25 13 546 1056 
4805 25 13 546 1056 
480 25 13 546 1056 
5882 25 13 546 1056 
13361 25 13 546 1056 
10801 25 13 546 1056 
5032 25 13 546 1056 
2099 25 13 546 1056 
12551 25 13 546 1056 
6664 25 13 546 1056 
2014 26 10 574 593 
4492 26 10 574 593 
1983 26 10 574 593 
6909 26 10 574 593 
50 26 10 574 593 
11692 26 10 574 593 
5432 26 10 574 593 
10766 26 10 574 593 
9057 26 10 574 593 
2947 26 10 574 593 
5080 26 10 574 593 
12280 26 10 574 593 
14109 26 10 574 593 
12269 10 13 347 187 
8661 10 13 347 187 
6655 10 13 347 187 
56 10 13 347 187 
6741 10 13 347 187 
1461 10 13 347 187 
7684 29 22 561 236 
13634 29 22 561 236 
5382 29 22 561 236 
9331 29 22 561 236 
9674 29 22 561 236 
9350 29 22 561 236 
9621 29 22 561 236 
5286 29 22 561 236 
6376 29 22 561 236 
3171 13 26 396 664 
5325 13 26 396 664 
6570 13 26 396 664 
2550 13 26 396 664 
7458 13 26 396 664 
11197 13 26 396 664 
691 13 26 396 664 
14234 13 26 396 664 
7768 13 26 396 664 
1492 13 26 396 664 
10036 13 26 396 664 
8692 13 26 396 664 
568 13 26 396 664 
9750 13 26 396 664 
258 13 26 396 664 
490 13 26 396 664 
2836 13 26 396 664 
7891 13 26 396 664 
10755 13 26 396 664 
1310 25 28 521 989 
13210 25 28 521 989 
14 25 28 521 989 
7436 25 28 521 989 
5312 25 28 521 989 
9273 25 28 521 989 
5307 25 28 521 989 
236 25 28 521 989 
3028 25 28 521 989 
4105 25 28 521 989 
3518 25 28 521 989 
12187 29 16 584 203 
8609 29 16 584 203 
3293 29 16 584 203 
6392 29 16 584 203 
11504 29 16 584 203 
6579 29 16 584 203 
12094 29 16 584 203 
534 29 16 584 203 
11519 29 16 584 203 
7145 25 13 546 1056 
14345 25 13 546 1056 
7680 25 13 546 1056 
8296 25 13 546 1056 
1096 25 13 546 1056 
13864 25 13 546 1056 
9642 25 13 546 1056 
12232 25 13 546 1056 
148 25 13 546 1056 
2442 25 13 546 1056 
3368 25 13 546 1056 
6161 25 13 546 1056 
10568 25 13 546 1056 
13082 25 13 546 1056 
6701 25 13 546 1056 
3601 25 13 546 1056 
9299 25 13 546 1056 
5351 25 13 546 1056 
12005 25 13 546 1056 
7546 25 13 546 1056 
346 25 13 546 1056 
13901 25 13 546 1056 
4951 19 28 486 840 
1642 19 28 486 840 
5559 19 28 486 840 
9265 19 28 486 840 
13044 19 28 486 840 
682 19 28 486 840 
12151 19 28 486 840 
11675 19 28 486 840 
4475 19 28 486 840 
12154 19 28 486 840 
8842 19 28 486 840 
5844 19 28 486 840 
4186 19 28 486 840 
4954 19 28 486 840 
6413 19 28 486 840 
7882 19 28 486 840 
13613 19 28 486 840 
5664 19 28 486 840 
2065 19 28 486 840 
12864 19 28 486 840 
12759 19 28 486 840 
8916 19 28 486 840 
13739 19 28 486 840 
13261 19 28 486 840 
8830 19 28 486 840 
6061 19 28 486 840 
6539 19 28 486 840 
1716 19 28 486 840 
1630 19 28 486 840 
11386 19 28 486 840 
4148 19 28 486 840 
11348 19 28 486 840 
10439 26 10 574 593 
12114 26 10 574 593 
3566 26 10 574 593 
8077 26 10 574 593 
10147 26 10 574 593 
7250 26 10 574 593 
9183 26 10 574 593 
8478 26 10 574 593 
2267 26 10 574 593 
4914 26 10 574 593 
3239 26 10 574 593 
877 26 10 574 593 
9467 26 10 574 593 
3742 26 10 574 593 
1278 26 10 574 593 
10942 26 10 574 593 
12632 26 10 574 593 
9214 26 10 574 593 
1857 26 10 574 593 
1679 10 13 347 187 
350 10 13 347 187 
6820 10 13 347 187 
8199 10 13 347 187 
999 10 13 347 187 
5964 10 13 347 187 
13941 10 13 347 187 
2784 10 13 347 187 
9413 10 13 347 187 
9984 10 13 347 187 
12646 10 13 347 187 
5069 10 13 347 187 
7256 10 13 347 187 
7550 10 13 347 187 
5446 10 13 347 187 
13855 10 13 347 187 
7781 10 13 347 187 
581 10 13 347 187 
14020 10 13 347 187 
13164 10 13 347 187 
2344 10 13 347 187 
3203 10 13 347 187 
9544 10 13 347 187 
8879 10 13 347 187 
2213 10 13 347 187 
10403 10 13 347 187 
3997 13 26 396 664 
7690 13 26 396 664 
10682 13 26 396 664 
12525 13 26 396 664 
10371 13 26 396 664 
3482 13 26 396 664 
1091 13 26 396 664 
13770 13 26 396 664 
7034 13 26 396 664 
8871 13 26 396 664 
1671 13 26 396 664 
8291 13 26 396 664 
3555 13 26 396 664 
8037 19 28 512 778 
7731 19 28 512 778 
13021 19 28 512 778 
5051 19 28 512 778 
9749 19 28 512 778 
7531 19 28 512 778 
3624 19 28 512 778 
8404 25 22 580 176 
4889 25 22 580 176 
3891 25 22 580 176 
11091 25 22 580 176 
12436 25 22 580 176 
6352 25 22 580 176 
13552 25 22 580 176 
1624 25 22 580 176 
3404 25 22 580 176 
6288 25 22 580 176 
1447 25 22 580 176 
10604 25 22 580 176 
8824 25 22 580 176 
8647 25 22 580 176 
4711 25 22 580 176 
11076 25 22 580 176 
277 25 22 580 176 
12089 25 22 580 176 
3619 25 22 580 176 
6718 25 22 580 176 
1170 25 22 580 176 
8370 25 22 580 176 
13488 25 22 580 176 
13918 25 22 580 176 
11208 25 22 580 176 
3876 25 22 580 176 
4008 25 22 580 176 
10819 25 22 580 176 
5236 25 22 580 176 
1204 25 22 580 176 
11911 25 22 580 176 
7477 25 22 580 176 
293 10 26 410 192 
13532 10 26 410 192 
13032 19 28 512 778 
2549 19 28 512 778 
6110 10 26 410 192 
6332 10 26 410 192 
1266 10 26 410 192 
13310 10 26 410 192 
13251 10 26 410 192 
5821 19 28 512 778 
2074 19 28 512 778 
1730 19 28 512 778 
8930 19 28 512 778 
837 19 28 512 778 
8925 19 28 512 778 
11011 19 28 512 778 
1725 19 28 512 778 
10697 19 28 512 778 
331 19 28 512 778 
1001 19 28 512 778 
6834 10 26 410 192 
4473 19 28 512 778 
6051 10 26 410 192 
9274 19 28 512 778 
12251 19 28 512 778 
4524 10 26 410 192 
348 19 28 512 778 
5832 19 28 512 778 
11673 19 28 512 778 
8201 19 28 512 778 
531 19 28 512 778 
14151 10 26 410 192 
4937 10 26 410 192 
3497 19 28 512 778 
10824 19 28 512 778 
3811 19 28 512 778 
7548 19 28 512 778 
12247 10 26 410 192 
5970 10 26 410 192 
11724 10 26 410 192 
13814 26 29 610 917 
9476 26 29 610 917 
8069 26 29 610 917 
12603 26 29 610 917 
4158 26 29 610 917 
5127 26 29 610 917 
6773 26 29 610 917 
12689 26 29 610 917 
6614 26 29 610 917 
11358 26 29 610 917 
10814 26 29 610 917 
9879 26 29 610 917 
5489 26 29 610 917 
11860 26 29 610 917 
3480 26 29 610 917 
2814 26 29 610 917 
14266 26 29 610 917 
10680 26 29 610 917 
1299 26 29 610 917 
13973 26 29 610 917 
5403 26 29 610 917 
10014 26 29 610 917 
4660 26 29 610 917 
2679 26 29 610 917 
2276 26 29 610 917 
8265 26 29 610 917 
8499 26 29 610 917 
3614 26 29 610 917 
869 26 29 610 917 
7066 26 29 610 917 
12327 26 29 610 917 
1065 26 29 610 917 
5475 26 7 618 442 
12785 26 7 618 442 
884 26 7 618 442 
11199 26 7 618 442 
3245 26 7 618 442 
5585 26 7 618 442 
2629 26 7 618 442 
6721 26 7 618 442 
3758 26 7 618 442 
3055 26 7 618 442 
3726 26 7 618 442 
6752 26 7 618 442 
11405 26 7 618 442 
13952 26 7 618 442 
6103 16 22 491 581 
378 25 13 609 1070 
1417 25 13 609 1070 
11253 25 13 609 1070 
4775 25 13 609 1070 
9320 25 13 609 1070 
3568 25 13 609 1070 
843 25 13 609 1070 
8617 25 13 609 1070 
11975 25 13 609 1070 
11450 25 13 609 1070 
9525 25 13 609 1070 
8483 25 13 609 1070 
11697 25 13 609 1070 
7578 25 13 609 1070 
10768 25 13 609 1070 
4497 25 13 609 1070 
4250 25 13 609 1070 
4053 25 13 609 1070 
8043 25 13 609 1070 
1970 25 13 609 1070 
1525 25 13 609 1070 
3955 25 13 609 1070 
2325 25 13 609 1070 
8829 25 13 609 1070 
9170 25 13 609 1070 
11155 25 13 609 1070 
2964 25 13 609 1070 
1283 25 13 609 1070 
10164 25 13 609 1070 
8725 25 13 609 1070 
1629 25 13 609 1070 
2120 25 13 609 1070 
2071 25 16 620 1002 
3491 25 16 620 1002 
8669 25 16 620 1002 
8053 25 16 620 1002 
842 16 22 491 581 
10688 25 16 620 1002 
9271 25 16 620 1002 
1362 25 16 620 1002 
10691 25 16 620 1002 
3488 25 16 620 1002 
1064 25 16 620 1002 
1342 25 16 620 1002 
3038 25 16 620 1002 
8562 25 16 620 1002 
12074 25 16 620 1002 
1469 25 16 620 1002 
3975 25 16 620 1002 
2924 25 16 620 1002 
11382 25 16 620 1002 
8542 25 16 620 1002 
1259 25 16 620 1002 
4182 25 16 620 1002 
11175 25 16 620 1002 
13957 25 16 620 1002 
853 25 16 620 1002 
10124 25 16 620 1002 
8459 25 16 620 1002 
4874 25 16 620 1002 
10456 25 16 620 1002 
8264 25 16 620 1002 
10238 25 16 620 1002 
3256 25 16 620 1002 
6757 25 16 620 1002 
6786 16 22 491 581 
11071 16 22 491 581 
11847 16 22 491 581 
4647 16 22 491 581 
13303 16 22 491 581 
7868 16 22 491 581 
6673 16 22 491 581 
11691 16 22 491 581 
6638 16 22 491 581 
11183 22 19 602 291 
8705 22 19 602 291 
1505 22 19 602 291 
6398 22 19 602 291 
6611 22 19 602 291 
3983 22 19 602 291 
6169 22 19 602 291 
1810 22 19 602 291 
6893 22 19 602 291 
6472 22 19 602 291 
13811 22 19 602 291 
1591 22 19 602 291 
10849 22 19 602 291 
1781 16 29 533 935 
6586 16 29 533 935 
11640 16 29 533 935 
1470 16 29 533 935 
13821 16 29 533 935 
1854 16 29 533 935 
6621 16 29 533 935 
11156 16 29 533 935 
2993 29 26 719 600 
9143 29 26 719 600 
13844 29 26 719 600 
7125 29 26 719 600 
2868 29 26 719 600 
9497 29 26 719 600 
3681 29 26 719 600 
5284 29 26 719 600 
5493 29 26 719 600 
10193 29 26 719 600 
11124 22 19 602 291 
8524 16 29 533 935 
7928 16 29 533 935 
3956 16 29 533 935 
1324 16 29 533 935 
8670 16 29 533 935 
14325 29 26 719 600 
7756 29 26 719 600 
12693 29 26 719 600 
13838 16 22 491 581 
8791 22 19 602 291 
2202 29 26 719 600 
10068 29 26 719 600 
9402 29 26 719 600 
2789 29 26 719 600 
556 29 26 719 600 
6792 22 19 602 291 
6458 22 19 602 291 
1158 16 29 533 935 
9989 29 26 719 600 
12484 29 26 719 600 
2297 29 26 719 600 
5047 10 26 410 192 
190 10 26 410 192 
594 10 26 410 192 
12137 10 26 410 192 
7493 10 26 410 192 
14034 10 26 410 192 
7794 10 26 410 192 
9637 10 26 410 192 
7390 10 26 410 192 
13170 10 26 410 192 
2437 10 26 410 192 
13132 10 26 410 192 
2809 10 26 410 192 
8466 10 26 410 192 
6951 10 26 410 192 
5932 10 26 410 192 
10009 10 26 410 192 
8042 16 22 491 581 
13873 16 22 491 581 
3871 16 22 491 581 
10676 16 22 491 581 
10508 16 22 491 581 
10708 16 22 491 581 
13986 16 22 491 581 
5315 16 22 491 581 
7314 16 22 491 581 
3508 16 22 491 581 
2114 16 22 491 581 
4491 16 22 491 581 
12515 16 22 491 581 
9314 16 22 491 581 
5091 16 22 491 581 
3476 16 22 491 581 
668 16 22 491 581 
114 16 22 491 581 
12291 16 22 491 581 
3308 16 22 491 581 
10732 10 13 414 478 
11753 10 13 414 478 
7425 10 13 414 478 
13658 22 19 602 291 
12954 10 13 414 478 
1308 10 13 414 478 
390 10 13 414 478 
980 10 13 414 478 
13598 22 19 602 291 
14093 22 19 602 291 
8180 10 13 414 478 
13369 22 19 602 291 
10177 10 13 414 478 
3532 10 13 414 478 
3287 10 13 419 950 
719 10 13 419 950 
10740 10 13 419 950 
3649 22 19 602 291 
6882 10 13 414 478 
5945 10 13 414 478 
1129 10 13 419 950 
13992 22 19 602 291 
7455 22 19 602 291 
10487 10 13 419 950 
7740 22 19 602 291 
13939 10 13 414 478 
225 10 13 414 478 
5754 10 13 414 478 
6548 10 13 414 478 
14082 10 13 414 478 
13748 10 13 414 478 
4421 10 13 414 478 
13145 10 13 414 478 
10702 22 19 602 291 
14182 10 13 414 478 
6982 10 13 414 478 
540 22 19 602 291 
8508 10 13 414 478 
10429 10 13 414 478 
2977 10 13 414 478 
9010 22 19 602 291 
3966 10 13 414 478 
3502 22 19 602 291 
3924 22 19 602 291 
255 22 19 602 291 
7590 10 13 414 478 
4553 10 13 414 478 
13672 22 19 602 291 
11166 10 13 414 478 
11621 10 13 414 478 
6739 10 13 414 478 
3229 10 13 414 478 
12500 16 16 527 1100 
4022 16 16 527 1100 
1004 10 13 419 950 
5300 16 16 527 1100 
13680 16 16 527 1100 
5469 16 16 527 1100 
11226 16 16 527 1100 
667 16 16 527 1100 
4026 16 16 527 1100 
7829 16 16 527 1100 
5445 10 13 419 950 
5436 16 16 527 1100 
4735 16 16 527 1100 
12636 16 16 527 1100 
7526 10 13 419 950 
12669 16 16 527 1100 
12737 16 16 527 1100 
7784 10 13 419 950 
12599 16 16 527 1100 
14119 10 13 419 950 
5537 16 16 527 1100 
6480 16 16 527 1100 
1468 16 16 527 1100 
13242 16 16 527 1100 
1472 16 16 527 1100 
8668 16 16 527 1100 
2061 16 16 527 1100 
7842 10 13 419 950 
3540 10 13 419 950 
11493 10 13 419 950 
326 10 13 419 950 
6970 10 13 419 950 
6919 10 13 419 950 
2101 10 13 419 950 
14098 10 13 419 950 
5606 10 13 419 950 
8329 10 13 419 950 
7919 10 13 419 950 
8672 16 16 527 1100 
1902 10 13 419 950 
11935 16 16 527 1100 
629 16 16 527 1100 
11222 16 16 527 1100 
14170 10 13 419 950 
12645 10 13 419 950 
7867 16 16 527 1100 
5399 16 16 527 1100 
9301 10 13 419 950 
4293 10 13 419 950 
14013 16 16 527 1100 
6898 10 13 419 950 
9102 10 13 419 950 
642 10 13 419 950 
6813 16 16 527 1100 
584 10 13 419 950 
6042 16 16 527 1100 
12806 10 13 419 950 
9261 16 16 527 1100 
8204 10 13 419 950 
8358 16 29 533 935 
12948 7 20 412 756 
12008 16 29 533 935 
3513 7 20 412 756 
85 7 20 412 756 
12898 16 29 533 935 
10557 16 29 533 935 
12945 7 20 412 756 
728 16 29 533 935 
5293 7 20 412 756 
2258 7 20 412 756 
3843 7 20 412 756 
2707 16 29 533 935 
4440 16 29 533 935 
5698 16 29 533 935 
8248 22 22 626 1048 
5470 22 22 626 1048 
3325 16 29 533 935 
9907 16 29 533 935 
14169 22 22 626 1048 
7988 22 22 626 1048 
10146 22 22 626 1048 
9074 22 16 644 313 
10064 22 16 644 313 
1687 22 16 644 313 
3625 22 16 644 313 
1125 22 22 626 1048 
2387 22 22 626 1048 
1477 22 16 644 313 
3357 16 29 533 935 
4549 22 22 626 1048 
12670 22 22 626 1048 
8325 22 22 626 1048 
11749 22 22 626 1048 
788 22 22 626 1048 
9587 22 22 626 1048 
9681 22 22 626 1048 
11129 22 22 626 1048 
12504 22 16 644 313 
11159 22 16 644 313 
2864 22 16 644 313 
5833 16 29 533 935 
10525 16 29 533 935 
9054 16 29 533 935 
4808 16 29 533 935 
8981 16 29 533 935 
5355 22 22 626 1048 
693 22 22 626 1048 
2946 22 22 626 1048 
13033 16 29 533 935 
13605 22 22 626 1048 
1048 22 22 626 1048 
1008 7 20 412 756 
1145 7 20 412 756 
13786 16 29 533 935 
7893 22 22 626 1048 
8208 7 20 412 756 
2481 22 22 626 1048 
10713 7 20 412 756 
8345 7 20 412 756 
423 22 22 626 1048 
3929 22 22 626 1048 
6969 22 22 626 1048 
11404 22 16 644 313 
9024 22 22 626 1048 
6405 22 22 626 1048 
7623 22 22 626 1048 
13407 22 22 626 1048 
10579 7 20 412 756 
3379 7 20 412 756 
1824 22 22 626 1048 
12555 22 22 626 1048 
6207 22 22 626 1048 
9458 7 20 412 756 
825 9 22 452 901 
11806 29 26 719 600 
10865 9 22 452 901 
10793 9 22 452 901 
12532 9 22 452 901 
4606 29 26 719 600 
13947 9 22 452 901 
8025 9 22 452 901 
1138 9 22 452 901 
3593 9 22 452 901 
4157 29 26 719 600 
3280 9 22 452 901 
4623 9 22 452 901 
6644 29 26 719 600 
6013 29 26 719 600 
3856 9 22 452 901 
6248 29 26 719 600 
8677 22 16 644 313 
10480 9 22 452 901 
8338 9 22 452 901 
13448 29 26 719 600 
11357 29 26 719 600 
1943 29 26 719 600 
10881 29 26 719 600 
13213 29 26 719 600 
9014 22 16 644 313 
4558 22 16 644 313 
5304 22 16 644 313 
12139 22 16 644 313 
3360 22 16 644 313 
5220 22 16 644 313 
11758 22 16 644 313 
2299 22 16 644 313 
1874 22 16 644 313 
5748 7 20 412 756 
7488 7 20 412 756 
288 7 20 412 756 
14130 22 16 644 313 
3959 22 16 644 313 
12420 22 16 644 313 
1127 22 16 644 313 
10560 22 16 644 313 
1814 22 16 644 313 
8887 22 16 644 313 
7285 7 20 412 756 
5745 7 20 412 756 
4770 7 20 412 756 
6128 7 20 412 756 
9499 22 16 644 313 
4939 22 16 644 313 
8327 22 16 644 313 
4204 22 16 644 313 
10825 22 16 644 313 
6930 22 16 644 313 
146 7 20 412 756 
11043 7 20 412 756 
12493 7 20 412 756 
11970 7 20 412 756 
8103 7 20 412 756 
4127 7 20 412 756 
903 7 20 412 756 
11327 7 20 412 756 
7346 7 20 412 756 
13328 7 20 412 756 
4864 9 22 452 901 
5332 9 22 452 901 
13486 9 22 452 901 
11056 9 22 452 901 
4929 6 19 406 430 
11823 9 22 452 901 
6747 9 22 452 901 
7247 9 22 452 901 
9845 9 22 452 901 
3001 9 22 452 901 
10201 9 22 452 901 
6286 9 22 452 901 
12129 6 19 406 430 
12064 9 22 452 901 
2463 9 22 452 901 
3665 9 22 452 901 
1432 9 22 452 901 
47 9 22 452 901 
8632 9 22 452 901 
2645 9 22 452 901 
9663 9 22 452 901 
4670 26 26 716 445 
4164 26 26 716 445 
10754 26 26 716 445 
11575 26 26 716 445 
10796 26 26 716 445 
11870 26 26 716 445 
11383 6 19 406 430 
11364 26 26 716 445 
7559 26 26 716 445 
10564 26 26 716 445 
9443 26 26 716 445 
394 6 19 406 430 
5443 26 26 716 445 
12434 6 19 406 430 
2945 26 26 716 445 
976 6 19 406 430 
5941 26 26 716 445 
8504 6 19 406 430 
8176 6 19 406 430 
13666 6 19 406 430 
7594 6 19 406 430 
13141 26 26 716 445 
359 26 26 716 445 
10842 26 26 716 445 
4082 26 26 716 445 
11282 26 26 716 445 
412 3 13 355 737 
13774 6 19 406 430 
14384 6 19 406 430 
8807 6 19 406 430 
1607 6 19 406 430 
4991 6 19 406 430 
123 26 26 716 445 
7014 6 19 406 430 
4307 26 26 716 445 
14214 6 19 406 430 
4183 6 19 406 430 
7323 26 26 716 445 
5234 6 19 406 430 
4375 26 26 716 445 
3364 26 26 716 445 
6466 6 19 406 430 
4302 3 13 355 737 
3554 26 26 716 445 
10145 26 26 716 445 
5311 29 29 763 971 
12643 26 26 716 445 
3642 26 26 716 445 
11507 26 26 716 445 
10366 26 26 716 445 
3166 26 26 716 445 
7080 29 29 763 971 
7162 29 29 763 971 
14367 22 13 667 765 
8403 22 13 667 765 
6689 22 13 667 765 
2934 20 13 636 446 
5490 29 29 763 971 
12717 29 29 763 971 
14362 29 29 763 971 
10378 29 29 763 971 
11734 20 13 636 446 
14280 29 29 763 971 
12649 29 29 763 971 
7520 20 13 636 446 
12024 20 13 636 446 
12191 6 19 406 430 
6826 29 29 763 971 
9942 29 29 763 971 
13916 22 13 667 765 
5517 29 29 763 971 
4112 22 13 667 765 
2937 22 13 667 765 
4143 20 13 636 446 
5115 20 13 636 446 
12287 20 13 636 446 
14131 29 29 763 971 
14026 29 29 763 971 
11024 6 19 406 430 
3596 26 26 716 445 
2243 26 26 716 445 
3178 29 29 763 971 
12511 29 29 763 971 
3071 29 29 763 971 
7958 29 29 763 971 
1246 29 29 763 971 
12690 29 29 763 971 
4297 29 29 763 971 
6931 29 29 763 971 
6435 29 29 763 971 
1304 6 19 406 430 
10271 29 29 763 971 
5449 29 29 763 971 
4258 6 19 406 430 
13889 22 13 667 765 
9213 22 13 667 765 
6209 22 13 667 765 
11312 22 13 667 765 
3352 22 13 667 765 
5538 22 13 667 765 
910 22 13 667 765 
1203 22 13 667 765 
9679 20 13 636 446 
13925 20 13 636 446 
13707 25 28 724 816 
11343 20 13 636 446 
3185 20 13 636 446 
758 29 29 763 971 
1446 29 29 763 971 
2768 25 28 724 816 
1436 25 28 724 816 
9968 25 28 724 816 
4133 25 28 724 816 
5087 20 13 636 446 
9067 20 13 636 446 
11497 29 29 763 971 
3184 20 13 636 446 
1365 13 25 550 100 
2742 29 29 763 971 
11641 13 25 550 100 
13981 13 25 550 100 
6905 13 25 550 100 
8446 29 29 763 971 
12249 13 25 550 100 
2432 13 25 550 100 
8646 29 29 763 971 
7184 6 19 406 430 
13942 13 25 550 100 
10125 13 25 550 100 
11153 13 25 550 100 
5049 13 25 550 100 
6742 13 25 550 100 
5476 13 25 550 100 
12676 13 25 550 100 
1055 13 25 550 100 
13635 29 29 763 971 
10952 13 25 550 100 
9884 13 25 550 100 
6616 13 25 550 100 
2925 13 25 550 100 
6781 13 25 550 100 
5089 25 28 724 816 
4101 25 28 724 816 
4356 25 28 724 816 
9826 25 28 724 816 
6367 25 28 724 816 
297 6 19 406 430 
7497 6 19 406 430 
6574 6 19 406 430 
12178 3 13 355 737 
9757 3 13 355 737 
3824 6 19 406 430 
11458 6 19 406 430 
746 6 19 406 430 
7946 6 19 406 430 
8565 13 25 550 100 
4441 13 25 550 100 
14124 13 25 550 100 
2684 13 25 550 100 
11695 13 25 550 100 
3752 13 25 550 100 
6924 13 25 550 100 
13816 13 25 550 100 
14105 13 25 550 100 
4495 13 25 550 100 
8255 13 25 550 100 
9632 13 25 550 100 
3953 13 25 550 100 
1159 13 23 560 244 
7547 13 23 560 244 
4865 13 23 560 244 
10001 13 23 560 244 
3139 13 23 560 244 
9524 13 23 560 244 
5134 13 23 560 244 
11556 25 28 724 816 
12289 25 28 724 816 
8636 25 28 724 816 
6507 25 28 724 816 
4616 25 28 724 816 
545 25 28 724 816 
1271 3 13 355 737 
2801 13 23 560 244 
3175 13 23 560 244 
8489 13 23 560 244 
11301 25 28 724 816 
3414 13 23 560 244 
7431 3 13 355 737 
3615 13 23 560 244 
12065 13 23 560 244 
2764 13 23 560 244 
7745 25 28 724 816 
11502 3 13 355 737 
13252 13 23 560 244 
7478 3 13 355 737 
11333 25 28 724 816 
14395 3 13 355 737 
9098 3 13 355 737 
9964 13 23 560 244 
7572 25 28 724 816 
1289 13 23 560 244 
1649 25 28 724 816 
10302 22 13 667 765 
2013 22 13 667 765 
13409 22 13 667 765 
10552 22 13 667 765 
8005 20 13 636 446 
5036 20 13 636 446 
14104 20 13 636 446 
805 20 13 636 446 
2479 20 13 636 446 
2289 28 19 828 888 
4534 20 13 636 446 
8849 25 28 724 816 
5693 20 13 636 446 
4601 28 16 827 999 
4351 28 16 827 999 
12786 28 16 827 999 
723 28 16 827 999 
4111 28 16 827 999 
6956 28 16 827 999 
5447 28 19 828 888 
9798 28 19 828 888 
4519 28 19 828 888 
10963 28 19 828 888 
7167 22 13 667 765 
8110 22 13 667 765 
5710 22 13 667 765 
5720 22 13 667 765 
6716 22 13 667 765 
12920 22 13 667 765 
8922 22 13 667 765 
1722 22 13 667 765 
10137 22 13 667 765 
12738 22 13 667 765 
1879 22 13 667 765 
12315 20 13 636 446 
10385 20 13 636 446 
4824 20 13 636 446 
12236 20 13 636 446 
6904 20 13 636 446 
12893 20 13 636 446 
12910 22 13 667 765 
10384 20 13 636 446 
1051 28 16 827 999 
10134 20 13 636 446 
14156 28 16 827 999 
11470 28 19 828 888 
7936 28 16 827 999 
6725 20 13 636 446 
320 20 13 636 446 
1867 20 13 636 446 
5980 25 28 724 816 
5339 28 16 827 999 
736 28 16 827 999 
10449 28 16 827 999 
3841 28 19 828 888 
13180 25 28 724 816 
7476 28 16 827 999 
11041 28 19 828 888 
11092 28 16 827 999 
11128 25 28 724 816 
372 25 28 724 816 
2626 25 28 724 816 
3928 25 28 724 816 
5586 28 16 827 999 
9224 28 16 827 999 
3892 28 16 827 999 
867 3 13 355 737 
9000 3 13 355 737 
4978 3 13 355 737 
7923 28 16 827 999 
882 28 16 827 999 
1530 3 13 355 737 
5028 3 13 355 737 
11885 3 13 355 737 
10815 13 23 560 244 
13567 25 28 724 816 
1782 13 23 560 244 
11816 25 28 724 816 
7912 25 28 724 816 
712 25 28 724 816 
11311 28 16 827 999 
13020 28 16 827 999 
8251 28 16 827 999 
11801 28 16 827 999 
1898 3 13 355 737 
276 28 16 827 999 
7111 3 13 355 737 
278 3 13 355 737 
12228 3 13 355 737 
8982 13 23 560 244 
3732 3 13 355 737 
4847 28 16 827 999 
8730 3 13 355 737 
347 13 23 560 244 
11094 13 23 560 244 
12539 28 16 827 999 
4685 3 13 355 737 
10339 13 23 560 244 
12334 13 23 560 244 
3894 13 23 560 244 
8359 13 23 560 244 
2024 28 16 827 999 
12047 28 16 827 999 
8082 28 16 827 999 
11551 28 16 827 999 
3249 28 16 827 999 
9489 28 19 828 888 
4270 28 19 828 888 
7195 3 13 355 737 
14372 13 23 560 244 
10375 13 23 560 244 
10614 13 23 560 244 
2324 13 23 560 244 
7172 13 23 560 244 
6052 13 23 560 244 
5820 28 16 827 999 
13024 28 19 828 888 
3707 28 19 828 888 
4397 28 19 828 888 
12762 28 19 828 888 
13890 28 19 828 888 
14311 3 13 355 737 
6690 28 19 828 888 
1964 28 19 828 888 
12647 28 19 828 888 
11719 28 19 828 888 
11361 28 19 828 888 
1797 28 19 828 888 
14241 28 19 828 888 
11597 28 19 828 888 
4161 28 19 828 888 
5562 28 19 828 888 
10932 3 13 355 737 
5824 28 19 828 888 
2598 28 19 828 888 
9164 28 19 828 888 
10907 28 19 828 888 
8997 28 19 828 888 
7041 28 19 828 888 
3763 28 19 828 888 
11853 19 22 691 728 
10738 19 22 691 728 
4976 19 22 691 728 
8220 19 22 691 728 
7026 19 22 691 728 
7636 19 22 691 728 
5656 19 22 691 728 
12176 19 22 691 728 
11029 19 22 691 728 
5052 19 22 691 728 
1191 19 22 691 728 
12856 19 22 691 728 
9634 19 22 691 728 
10833 19 22 691 728 
4653 19 22 691 728 
436 19 22 691 728 
3829 19 22 691 728 
3633 19 22 691 728 
4945 19 22 691 728 
12252 19 22 691 728 
12145 19 22 691 728 
8391 19 22 691 728 
1800 3 13 355 737 
8109 19 22 691 728 
1020 19 22 691 728 
3538 19 22 691 728 
2434 19 22 691 728 
2557 3 13 355 737 
13820 19 22 691 728 
7435 19 22 691 728 
14226 19 22 691 728 
235 19 22 691 728 
909 19 22 691 728 
6620 19 22 691 728 
5029 13 22 590 660 
13738 13 22 590 660 
11463 13 22 590 660 
10197 13 22 590 660 
2997 13 22 590 660 
10203 13 22 590 660 
4764 13 22 590 660 
2008 13 22 590 660 
13522 13 22 590 660 
5458 13 22 590 660 
11710 13 22 590 660 
13239 13 22 590 660 
4263 13 22 590 660 
3003 13 22 590 660 
11964 13 22 590 660 
8470 13 22 590 660 
3416 13 22 590 660 
1270 13 22 590 660 
10616 13 22 590 660 
6538 13 22 590 660 
2156 13 22 590 660 
9356 13 22 590 660 
6543 13 22 590 660 
12679 22 19 783 277 
6497 22 19 783 277 
13697 22 19 783 277 
10935 22 19 783 277 
13473 22 19 783 277 
5853 22 19 783 277 
218 22 19 783 277 
7076 22 19 783 277 
6403 22 19 783 277 
5001 22 19 783 277 
8853 22 19 783 277 
6319 22 19 783 277 
12658 13 22 590 660 
12229 13 22 590 660 
9392 13 22 590 660 
13743 13 22 590 660 
9208 13 22 590 660 
6039 13 22 590 660 
4510 13 22 590 660 
2192 13 22 590 660 
6322 13 22 590 660 
14160 22 19 783 277 
14276 22 19 783 277 
6273 22 19 783 277 
6798 22 19 783 277 
13053 22 19 783 277 
3735 22 19 783 277 
3076 22 19 783 277 
10276 22 19 783 277 
7418 22 19 783 277 
1621 22 19 783 277 
13519 22 19 783 277 
13998 22 19 783 277 
13603 22 19 783 277 
6960 22 19 783 277 
12032 22 19 783 277 
8821 22 19 783 277 
1653 22 19 783 277 
5479 22 19 783 277 
4832 22 19 783 277 
12201 22 19 783 277 
10282 6 19 486 789 
10206 6 19 486 789 
12943 6 19 486 789 
1758 6 19 486 789 
7175 6 19 486 789 
553 6 19 486 789 
6154 6 19 486 789 
3006 6 19 486 789 
14375 6 19 486 789 
5841 6 19 486 789 
5743 6 19 486 789 
3082 6 19 486 789 
13041 6 19 486 789 
5253 6 19 486 789 
6118 6 19 486 789 
1504 6 19 486 789 
12453 6 19 486 789 
4568 6 19 486 789 
12980 6 19 486 789 
11768 6 19 486 789 
5780 6 19 486 789 
11425 6 19 486 789 
13354 6 19 486 789 
5542 13 29 626 332 
8112 13 29 626 332 
1537 13 29 626 332 
4955 13 29 626 332 
10615 13 29 626 332 
12004 13 29 626 332 
5672 13 29 626 332 
12742 13 29 626 332 
6233 13 29 626 332 
1835 13 29 626 332 
1438 13 29 626 332 
11214 13 29 626 332 
4804 13 29 626 332 
12927 13 29 626 332 
1539 13 29 626 332 
5806 13 29 626 332 
12155 13 29 626 332 
3415 13 29 626 332 
12872 13 29 626 332 
13433 13 29 626 332 
912 13 29 626 332 
5727 13 29 626 332 
13006 13 29 626 332 
5405 13 29 626 332 
2431 13 29 626 332 
8638 13 29 626 332 
9631 13 29 626 332 
4014 13 29 626 332 
8737 13 29 626 332 
8739 13 29 626 332 
12605 13 29 626 332 
9035 13 29 626 332 
7499 19 22 735 193 
4310 19 22 735 193 
415 19 22 735 193 
4341 19 22 735 193 
12423 19 22 735 193 
7942 19 22 735 193 
11133 19 22 735 193 
7931 19 22 735 193 
5223 19 22 735 193 
4561 19 22 735 193 
731 19 22 735 193 
3603 19 22 735 193 
10803 19 22 735 193 
10003 19 22 735 193 
1949 19 22 735 193 
3933 19 22 735 193 
9149 19 22 735 193 
11510 19 22 735 193 
2803 19 22 735 193 
9511 19 22 735 193 
1443 19 22 735 193 
299 19 22 735 193 
10868 19 22 735 193 
3668 19 22 735 193 
742 19 22 735 193 
13938 19 22 735 193 
11761 19 22 735 193 
7615 19 22 735 193 
11541 19 22 735 193 
8643 19 22 735 193 
6738 19 22 735 193 
2311 19 22 735 193 
1555 25 22 861 590 
14019 25 22 861 590 
12764 25 22 861 590 
5137 25 22 861 590 
508 25 22 861 590 
13791 25 22 861 590 
6819 25 22 861 590 
11307 25 22 861 590 
4924 25 22 861 590 
6591 25 22 861 590 
5564 25 22 861 590 
9643 25 22 861 590 
8755 25 22 861 590 
11402 25 22 861 590 
12337 25 22 861 590 
1779 25 22 861 590 
2443 25 22 861 590 
2491 25 22 861 590 
8979 25 22 861 590 
498 25 22 861 590 
1169 25 22 861 590 
11894 25 22 861 590 
4107 25 22 861 590 
9329 25 22 861 590 
4694 25 22 861 590 
2129 25 22 861 590 
9691 25 22 861 590 
12124 25 22 861 590 
7698 25 22 861 590 
7708 25 22 861 590 
8369 25 22 861 590 
4202 25 22 861 590 
8627 29 29 969 833 
4175 28 25 952 377 
8594 29 29 969 833 
9094 29 29 969 833 
9072 28 25 952 377 
7901 28 25 952 377 
3685 28 25 952 377 
13190 28 25 952 377 
2040 6 19 486 789 
1951 6 19 486 789 
9240 6 19 486 789 
12469 28 25 952 377 
12536 29 29 969 833 
5526 28 25 952 377 
13014 29 29 969 833 
6958 28 25 952 377 
7317 29 29 969 833 
5510 28 25 952 377 
117 29 29 969 833 
5578 28 25 952 377 
12726 28 25 952 377 
1872 28 25 952 377 
847 28 25 952 377 
4525 29 29 969 833 
5441 29 29 969 833 
839 29 29 969 833 
10885 28 25 952 377 
8413 28 25 952 377 
5990 28 25 952 377 
12641 29 29 969 833 
1894 29 29 969 833 
7374 29 29 969 833 
12895 28 25 952 377 
5814 29 29 969 833 
701 28 25 952 377 
12710 28 25 952 377 
2304 29 29 969 833 
5767 28 25 952 377 
12967 28 25 952 377 
5695 28 25 952 377 
2452 29 29 969 833 
9151 6 19 486 789 
4225 6 19 486 789 
8704 6 19 486 789 
7134 29 29 969 833 
7037 28 25 952 377 
174 29 29 969 833 
10539 28 25 952 377 
4675 29 29 1019 326 
11875 29 29 1019 326 
7020 29 29 1019 326 
11865 29 29 1019 326 
8294 29 29 1019 326 
6015 29 29 1019 326 
12678 29 29 1019 326 
13215 29 29 1019 326 
2144 29 29 1019 326 
3339 28 25 952 377 
1213 28 25 952 377 
14237 28 25 952 377 
8958 6 19 486 789 
13318 6 19 486 789 
7753 6 19 486 789 
5269 28 25 952 377 
14158 28 25 952 377 
12778 28 25 952 377 
5480 7 29 598 161 
9138 7 29 598 161 
5404 7 29 598 161 
7529 29 29 969 833 
1394 29 29 969 833 
9504 29 29 969 833 
1244 29 29 969 833 
5216 29 29 969 833 
14334 29 29 969 833 
1427 29 29 969 833 
12416 29 29 969 833 
11725 29 29 969 833 
329 29 29 969 833 
11375 28 25 952 377 
8047 28 25 952 377 
9652 29 29 969 833 
7262 16 23 746 416 
12082 16 23 746 416 
9212 16 23 746 416 
7599 16 23 746 416 
7767 16 23 746 416 
4802 16 23 746 416 
399 16 23 746 416 
4323 16 23 746 416 
9043 16 23 746 416 
567 16 23 746 416 
4313 16 23 746 416 
12002 16 23 746 416 
9557 7 29 598 161 
5541 7 29 598 161 
14035 7 29 598 161 
389 7 29 598 161 
7589 7 29 598 161 
3725 7 29 598 161 
9487 7 29 598 161 
7233 7 29 598 161 
8444 29 29 969 833 
5336 29 29 969 833 
8039 29 29 969 833 
6531 23 23 881 353 
5757 23 23 881 353 
6843 23 23 881 353 
10401 23 23 881 353 
8735 23 23 881 353 
12957 23 23 881 353 
8530 23 23 881 353 
14260 23 23 881 353 
1094 29 29 1019 326 
1052 29 29 1019 326 
4607 23 23 881 353 
1459 29 29 1019 326 
7060 23 23 881 353 
1535 23 23 881 353 
8985 16 23 746 416 
3660 16 23 746 416 
13337 16 23 746 416 
1330 23 23 881 353 
1435 23 23 881 353 
11807 23 23 881 353 
11245 23 23 881 353 
8687 29 29 1019 326 
4880 23 23 881 353 
8116 23 23 881 353 
4665 29 29 1019 326 
1487 29 29 1019 326 
8252 29 29 1019 326 
5000 23 23 881 353 
916 23 23 881 353 
4045 23 23 881 353 
14220 29 29 1019 326 
8659 29 29 1019 326 
8635 23 23 881 353 
13731 23 23 881 353 
9960 23 23 881 353 
2760 23 23 881 353 
12200 23 23 881 353 
11513 16 23 746 416 
4882 16 23 746 416 
6258 16 23 746 416 
14235 16 23 746 416 
7043 16 23 746 416 
7035 16 23 746 416 
11523 16 23 746 416 
14243 16 23 746 416 
2545 23 23 881 353 
14043 23 23 881 353 
12354 6 22 562 614 
5247 6 22 562 614 
10106 6 22 562 614 
10076 6 22 562 614 
13589 6 22 562 614 
10251 6 22 562 614 
14018 6 22 562 614 
1348 7 29 598 161 
13822 7 29 598 161 
6622 7 29 598 161 
7939 7 29 598 161 
33 7 29 598 161 
11773 7 29 598 161 
8548 7 29 598 161 
13678 7 29 598 161 
4573 7 29 598 161 
13458 16 23 746 416 
1843 16 23 746 416 
6137 16 23 746 416 
11862 16 23 746 416 
2012 16 23 746 416 
1785 16 23 746 416 
62 16 23 746 416 
4662 16 23 746 416 
10860 16 23 746 416 
9568 6 22 562 614 
1838 6 22 562 614 
6451 6 22 562 614 
11237 7 29 598 161 
12607 6 22 562 614 
1920 6 22 562 614 
3201 23 23 881 353 
217 23 23 881 353 
7417 23 23 881 353 
9745 23 23 881 353 
12080 23 23 881 353 
6389 6 22 562 614 
10722 6 22 562 614 
8783 6 22 562 614 
5407 6 22 562 614 
2876 6 22 562 614 
3522 6 22 562 614 
2906 6 22 562 614 
13651 6 22 562 614 
6818 6 22 562 614 
3051 6 22 562 614 
11119 6 22 562 614 
14328 6 22 562 614 
12447 6 22 562 614 
3919 6 22 562 614 
1583 6 22 562 614 
9038 6 22 562 614 
5154 6 22 562 614 
9120 6 22 562 614 
2368 6 22 562 614 
7128 6 22 562 614 
12741 7 29 598 161 
10925 7 29 598 161 
12604 7 29 598 161 
6835 7 29 598 161 
4037 7 29 598 161 
6478 7 29 598 161 
1938 7 29 598 161 
2357 7 29 598 161 
2287 7 29 598 161 
12680 7 29 598 161 
739 7 29 598 161 
9898 13 29 719 531 
1731 13 29 719 531 
6865 13 29 719 531 
8734 13 29 719 531 
9733 13 29 719 531 
440 13 29 719 531 
5969 13 29 719 531 
4371 13 29 719 531 
1534 13 29 719 531 
6166 13 29 719 531 
13366 13 29 719 531 
6679 13 29 719 531 
2698 13 29 719 531 
9518 13 29 719 531 
223 29 29 1019 326 
12700 29 29 1019 326 
1946 10 29 676 526 
11083 10 29 676 526 
10677 10 29 676 526 
1479 10 29 676 526 
13445 10 29 676 526 
6147 10 29 676 526 
7738 10 29 676 526 
1989 10 29 676 526 
13347 10 29 676 526 
1754 10 29 676 526 
8679 10 29 676 526 
9804 10 29 676 526 
9146 10 29 676 526 
6026 10 29 676 526 
10322 29 29 1019 326 
9344 29 29 1019 326 
11571 13 29 719 531 
8931 13 29 719 531 
2248 13 29 719 531 
12223 13 29 719 531 
12371 13 29 719 531 
2533 13 29 719 531 
12335 13 29 719 531 
13169 13 29 719 531 
8555 13 29 719 531 
5171 13 29 719 531 
2318 13 29 719 531 
14065 13 29 719 531 
13879 13 29 719 531 
5135 13 29 719 531 
9448 13 29 719 531 
7640 13 29 719 531 
1355 13 29 719 531 
5023 13 29 719 531 
10590 10 29 676 526 
5278 10 29 676 526 
11370 10 29 676 526 
2604 10 29 676 526 
7423 29 29 1019 326 
5478 29 29 1019 326 
6459 19 26 836 356 
13712 19 26 836 356 
10999 19 26 836 356 
12478 10 29 676 526 
9189 10 29 676 526 
6245 10 29 676 526 
8563 19 26 836 356 
1363 19 26 836 356 
11696 19 26 836 356 
12878 19 26 836 356 
6891 19 26 836 356 
195 29 29 1019 326 
7395 29 29 1019 326 
3390 10 29 676 526 
538 10 29 676 526 
3883 10 29 676 526 
6512 19 26 836 356 
3799 19 26 836 356 
9780 19 26 836 356 
10359 19 26 836 356 
5431 19 26 836 356 
965 19 26 836 356 
14091 19 26 836 356 
12301 19 26 836 356 
10115 19 26 836 356 
2734 29 29 1019 326 
4170 10 29 676 526 
1123 10 29 676 526 
10013 29 29 1019 326 
3159 19 26 836 356 
3609 19 26 836 356 
13659 19 26 836 356 
11619 10 29 676 526 
3477 10 29 676 526 
8954 10 29 676 526 
2915 19 26 836 356 
11790 19 26 836 356 
7452 19 26 836 356 
12631 19 26 836 356 
8165 19 26 836 356 
2580 19 26 836 356 
10809 19 26 836 356 
5678 19 26 836 356 
9934 29 29 1019 326 
4590 19 26 836 356 
2813 29 29 1019 326 
4496 19 26 836 356 
5500 29 29 1019 326 
5101 19 26 836 356 
252 19 26 836 356 
3122 29 29 1019 326 
4627 19 25 844 478 
8128 19 25 844 478 
4583 19 25 844 478 
8138 19 25 844 478 
4400 19 25 844 478 
11783 19 25 844 478 
14148 19 25 844 478 
11827 19 25 844 478 
14340 19 25 844 478 
10332 19 25 844 478 
3880 19 25 844 478 
3188 19 25 844 478 
3132 19 25 844 478 
12127 19 25 844 478 
4855 19 25 844 478 
12055 19 25 844 478 
14204 19 25 844 478 
11281 19 25 844 478 
11080 19 25 844 478 
9257 19 25 844 478 
13108 19 25 844 478 
11600 19 25 844 478 
938 19 25 844 478 
6948 19 25 844 478 
5908 19 25 844 478 
7004 19 25 844 478 
10388 19 25 844 478 
4081 19 25 844 478 
928 19 25 844 478 
4927 19 25 844 478 
7140 19 25 844 478 
2057 19 25 844 478 
8323 10 29 676 526 
4419 10 29 676 526 
13226 10 29 676 526 
8392 19 25 854 790 
180 19 25 854 790 
6966 19 25 854 790 
7308 19 25 854 790 
6517 19 25 854 790 
8402 19 25 854 790 
13431 19 25 854 790 
108 19 25 854 790 
13191 19 25 854 790 
9353 19 25 854 790 
6231 19 25 854 790 
12463 19 25 854 790 
2847 19 25 854 790 
4038 19 25 854 790 
7380 19 25 854 790 
14166 19 25 854 790 
3733 19 25 854 790 
13717 19 25 854 790 
5991 19 25 854 790 
4640 19 25 854 790 
4551 19 25 854 790 
1192 19 25 854 790 
1202 19 25 854 790 
10047 19 25 854 790 
11717 19 25 854 790 
11840 19 25 854 790 
10933 19 25 854 790 
11751 19 25 854 790 
4517 19 25 854 790 
11238 19 25 854 790 
5263 19 25 854 790 
2153 19 25 854 790 
4784 22 25 914 337 
12870 22 25 914 337 
10678 22 25 914 337 
1654 22 25 914 337 
1619 22 25 914 337 
6034 22 25 914 337 
2335 22 25 914 337 
5670 22 25 914 337 
7211 22 25 914 337 
354 22 25 914 337 
6869 6 22 597 540 
11984 22 25 914 337 
776 22 25 914 337 
6037 22 25 914 337 
1756 22 25 914 337 
13234 22 25 914 337 
5566 22 25 914 337 
2271 22 25 914 337 
13237 22 25 914 337 
11 22 25 914 337 
4305 22 25 914 337 
8819 22 25 914 337 
3478 22 25 914 337 
8854 22 25 914 337 
9535 22 25 914 337 
8956 22 25 914 337 
11505 22 25 914 337 
7554 22 25 914 337 
7976 22 25 914 337 
9471 22 25 914 337 
4035 22 25 914 337 
11235 22 25 914 337 
12766 22 25 914 337 
908 22 22 930 324 
4820 22 22 930 324 
13783 22 22 930 324 
1584 22 22 930 324 
6730 6 22 597 540 
1520 7 26 634 751 
8064 7 26 634 751 
3585 7 26 634 751 
1708 7 26 634 751 
4778 7 26 634 751 
2754 7 26 634 751 
5532 7 26 634 751 
12297 7 26 634 751 
864 7 26 634 751 
9954 7 26 634 751 
6770 7 26 634 751 
13362 7 26 634 751 
3500 7 26 634 751 
13970 7 26 634 751 
4749 7 26 634 751 
4402 7 26 634 751 
12877 7 26 634 751 
13695 7 26 634 751 
5097 7 26 634 751 
6162 7 26 634 751 
1297 7 26 634 751 
8497 7 26 634 751 
5677 7 26 634 751 
11978 7 26 634 751 
8908 7 26 634 751 
12732 7 26 634 751 
10700 7 26 634 751 
10785 7 26 634 751 
11602 7 26 634 751 
11949 7 26 634 751 
6495 7 26 634 751 
8720 7 26 634 751 
111 23 29 957 387 
6224 6 22 597 540 
11711 23 29 957 387 
6136 3 23 571 632 
6852 3 23 571 632 
7517 23 29 957 387 
7382 23 29 957 387 
5482 23 29 957 387 
182 23 29 957 387 
7311 23 29 957 387 
5016 23 29 957 387 
7661 6 22 597 540 
317 23 29 957 387 
7027 6 22 597 540 
5075 6 22 597 540 
13424 6 22 597 540 
5697 23 29 957 387 
13336 3 23 571 632 
5109 3 23 571 632 
7736 3 23 571 632 
5854 3 23 571 632 
5450 3 23 571 632 
7532 3 23 571 632 
7040 3 23 571 632 
7862 3 23 571 632 
12650 3 23 571 632 
11389 23 29 957 387 
12216 23 29 957 387 
12682 23 29 957 387 
4025 23 29 957 387 
4189 23 29 957 387 
10383 23 29 957 387 
12897 23 29 957 387 
1200 23 29 957 387 
8825 23 29 957 387 
3380 23 29 957 387 
3183 23 29 957 387 
11225 23 29 957 387 
10025 23 29 957 387 
1625 23 29 957 387 
3295 23 29 957 387 
2825 23 29 957 387 
4511 23 29 957 387 
10580 23 29 957 387 
8400 23 29 957 387 
10495 23 29 957 387 
4470 23 29 957 387 
11670 23 29 957 387 
1892 6 22 597 540 
10209 6 22 597 540 
9092 6 22 597 540 
3657 6 22 597 540 
2624 6 22 597 540 
14227 6 22 597 540 
10857 6 22 597 540 
10063 6 22 597 540 
461 6 22 597 540 
4430 6 22 597 540 
11630 6 22 597 540 
4361 3 23 571 632 
12309 3 23 571 632 
9125 3 23 571 632 
1392 3 23 571 632 
10296 16 28 875 1094 
1913 16 28 875 1094 
2239 16 28 875 1094 
10241 16 28 875 1094 
13597 16 28 875 1094 
11718 16 28 875 1094 
3009 6 22 597 540 
11723 6 22 597 540 
13930 6 22 597 540 
9824 6 22 597 540 
12275 6 22 597 540 
14069 6 22 597 540 
2315 6 22 597 540 
9515 6 22 597 540 
10462 6 22 597 540 
3262 6 22 597 540 
1130 6 22 597 540 
8330 6 22 597 540 
2863 6 22 597 540 
4523 6 22 597 540 
1925 3 23 571 632 
8592 3 23 571 632 
3963 3 23 571 632 
14240 3 23 571 632 
11731 3 23 571 632 
8224 3 23 571 632 
13054 3 23 571 632 
536 3 23 571 632 
1024 3 23 571 632 
11702 3 23 571 632 
11561 3 23 571 632 
11163 3 23 571 632 
4531 3 23 571 632 
662 3 23 571 632 
332 3 23 571 632 
4502 3 23 571 632 
14052 3 23 571 632 
5886 16 28 875 1094 
656 16 28 875 1094 
1675 16 28 875 1094 
10416 16 28 875 1094 
13417 16 28 875 1094 
1954 16 28 875 1094 
13819 16 28 875 1094 
7856 16 28 875 1094 
937 16 28 875 1094 
13886 16 28 875 1094 
6619 16 28 875 1094 
8875 16 28 875 1094 
12226 22 28 1002 795 
1272 22 28 1002 795 
1896 22 28 1002 795 
12497 22 28 1002 795 
12611 22 28 1002 795 
5026 22 28 1002 795 
13440 22 28 1002 795 
1346 22 28 1002 795 
4966 22 28 1002 795 
8820 19 28 946 1021 
486 19 28 946 1021 
8546 22 28 1002 795 
8027 22 28 1002 795 
10470 22 28 1002 795 
13781 19 28 946 1021 
11589 22 28 1002 795 
8472 22 28 1002 795 
6581 19 28 946 1021 
2415 19 28 946 1021 
105 19 28 946 1021 
9113 16 28 875 1094 
6217 16 28 875 1094 
3096 16 28 875 1094 
6686 16 28 875 1094 
9154 16 28 875 1094 
6397 16 28 875 1094 
13086 16 28 875 1094 
3041 16 28 875 1094 
3216 16 28 875 1094 
6740 16 28 875 1094 
8137 16 28 875 1094 
4518 16 28 875 1094 
13940 16 28 875 1094 
9399 22 28 1002 795 
3270 22 28 1002 795 
10575 22 28 1002 795 
3375 22 28 1002 795 
2199 22 28 1002 795 
827 22 28 1002 795 
9439 16 28 875 1094 
12166 22 28 1002 795 
893 22 28 1002 795 
9263 22 28 1002 795 
2063 22 28 1002 795 
5297 22 28 1002 795 
8093 22 28 1002 795 
5411 22 28 1002 795 
9096 22 28 1002 795 
4389 22 28 1002 795 
6240 22 28 1002 795 
513 22 28 1002 795 
7713 22 28 1002 795 
12756 19 28 946 1021 
1620 19 28 946 1021 
12311 19 28 946 1021 
9615 19 28 946 1021 
10675 19 28 946 1021 
9420 19 28 946 1021 
13631 19 28 946 1021 
2220 19 28 946 1021 
6431 19 28 946 1021 
6977 19 28 946 1021 
5111 19 28 946 1021 
2835 19 28 946 1021 
4494 19 28 946 1021 
14177 19 28 946 1021 
6453 19 28 946 1021 
5556 19 28 946 1021 
7305 19 28 946 1021 
10035 19 28 946 1021 
13653 19 28 946 1021 
13975 19 28 946 1021 
3475 19 28 946 1021 
11633 19 28 946 1021 
11694 19 28 946 1021 
6775 19 28 946 1021 
7686 19 28 946 1021 
4433 19 28 946 1021 
1386 7 29 743 826 
441 7 29 743 826 
13657 7 29 743 826 
8750 7 29 743 826 
8748 7 29 743 826 
12502 7 29 743 826 
7641 7 29 743 826 
1550 7 29 743 826 
11308 7 29 743 826 
1424 7 29 743 826 
2519 7 29 743 826 
12648 7 29 743 826 
11433 7 29 743 826 
1548 7 29 743 826 
1747 7 29 743 826 
8947 7 29 743 826 
10100 7 29 743 826 
5302 7 29 743 826 
1221 7 29 743 826 
2900 7 29 743 826 
4108 7 29 743 826 
5448 7 29 743 826 
8624 7 29 743 826 
4881 7 29 743 826 
8586 7 29 743 826 
12081 7 29 743 826 
11932 7 29 743 826 
9719 7 29 743 826 
4233 7 29 743 826 
11851 16 28 935 528 
11387 16 28 935 528 
1292 16 28 935 528 
11013 16 28 935 528 
11079 16 28 935 528 
2111 16 28 935 528 
8421 7 29 743 826 
6457 7 29 743 826 
4732 7 29 743 826 
8206 16 28 935 528 
1006 16 28 935 528 
3447 16 28 935 528 
9311 16 28 935 528 
4187 16 28 935 528 
296 16 28 935 528 
7986 16 28 935 528 
8492 16 28 935 528 
4651 16 28 935 528 
3879 16 28 935 528 
289 16 28 935 528 
3813 16 28 935 528 
7489 16 28 935 528 
10264 16 28 935 528 
10328 16 28 935 528 
3064 16 28 935 528 
2312 16 28 935 528 
2203 16 28 935 528 
7496 16 28 935 528 
9403 16 28 935 528 
786 16 28 935 528 
10647 16 28 935 528 
12526 16 28 935 528 
9512 16 28 935 528 
3128 16 28 935 528 
5326 16 28 935 528 
