id volume peso recompensa duração(s)
3399 10 6 1765 970
3398 19 22 1719 159
3397 16 28 1863 653
3396 10 13 1315 328
3395 25 22 471 448
3394 16 3 279 744
3393 6 6 442 900
3392 9 9 1137 1019
3391 3 16 1796 762
3390 10 29 676 526
3389 29 16 1051 169
3388 13 9 1857 1017
3387 3 3 1563 535
3386 28 22 1166 491
3385 16 13 707 359
3384 6 3 1347 609
3383 3 22 940 937
3382 19 16 1319 385
3381 3 7 1565 226
3380 23 29 957 387
3379 7 20 412 756
3378 20 20 418 893
3377 9 9 1137 1019
3376 19 16 1319 385
3375 22 28 1002 795
3374 23 16 1936 498
3373 20 23 1551 986
3372 19 9 1897 881
3371 13 10 483 694
3370 22 3 480 1037
3369 29 20 1991 704
3368 25 13 546 1056
3367 10 7 1801 301
3366 23 13 206 128
3365 26 6 1627 732
3364 26 26 716 445
3363 3 16 753 124
3362 13 10 738 190
3361 19 22 1200 449
3360 22 16 644 313
3359 26 19 244 1055
3358 6 3 1347 609
3357 16 29 533 935
3356 3 10 984 463
3355 26 20 1645 318
3354 20 16 851 446
3353 26 16 1303 358
3352 22 13 667 765
3351 23 26 1594 1052
3350 19 19 1437 576
3349 16 16 287 918
3348 6 6 1921 197
3347 7 23 1303 229
3346 16 6 1188 697
3345 16 29 1730 638
3344 7 16 764 617
3343 3 3 1563 535
3342 13 29 1511 325
3341 20 26 1863 104
3340 7 23 907 152
3339 28 25 952 377
3338 16 10 1508 454
3337 3 16 1796 762
3336 29 10 243 775
3335 7 7 501 800
3334 23 29 1232 389
3333 19 22 1200 449
3332 19 13 1040 651
3331 13 13 1710 800
3330 22 16 1175 863
3329 3 13 1306 202
3328 9 25 849 1008
3327 25 28 1521 284
3326 22 28 1717 549
3325 16 29 533 935
3324 22 13 226 631
3323 3 19 901 980
3322 13 6 1062 195
3321 16 3 477 194
3320 13 6 490 406
3319 16 13 671 726
3318 16 16 706 408
3317 20 7 386 964
3316 26 22 1487 269
3315 20 20 418 893
3314 9 9 427 447
3313 10 29 1488 1094
3312 16 10 1081 1064
3311 22 29 1448 487
3310 10 10 553 631
3309 22 16 1598 841
3308 16 22 491 581
3307 3 16 1391 846
3306 26 29 267 777
3305 29 10 483 1038
3304 9 22 909 192
3303 22 29 1448 487
3302 22 10 1848 196
3301 19 3 1982 619
3300 25 28 1370 535
3299 26 6 774 314
3298 7 10 801 919
3297 16 28 1863 653
3296 28 6 1636 436
3295 23 29 957 387
3294 22 10 1233 546
3293 29 16 584 203
3292 3 16 1796 762
3291 19 13 1040 651
3290 3 16 1456 192
3289 22 13 293 191
3288 20 7 894 300
3287 10 13 419 950
3286 26 22 1165 1100
3285 6 19 996 631
3284 9 16 814 281
3283 20 7 894 300
3282 20 13 1542 128
3281 22 13 293 191
3280 9 22 452 901
3279 3 19 901 980
3278 19 9 1897 881
3277 13 13 1714 399
3276 19 16 1489 751
3275 13 16 1785 297
3274 19 6 1204 453
3273 25 25 371 509
3272 6 3 453 537
3271 3 13 751 234
3270 22 28 1002 795
3269 6 19 1243 977
3268 6 19 1185 822
3267 26 20 1645 318
3266 23 7 983 372
3265 3 22 1662 201
3264 7 10 1630 963
3263 19 19 873 118
3262 6 22 597 540
3261 28 19 1240 826
3260 26 16 1296 524
3259 25 28 1909 396
3258 19 3 638 618
3257 16 16 287 918
3256 25 16 620 1002
3255 16 3 262 658
3254 10 22 1694 969
3253 16 3 836 819
3252 26 22 1628 925
3251 19 19 1956 207
3250 6 3 1176 551
3249 28 16 827 999
3248 9 19 1281 241
3247 6 19 1185 822
3246 16 3 477 194
3245 26 7 618 442
3244 19 16 1319 385
3243 10 10 588 654
3242 13 13 967 355
3241 13 26 1639 927
3240 26 26 1790 648
3239 26 10 574 593
3238 22 19 1628 332
3237 9 19 1281 241
3236 13 3 621 723
3235 6 29 1800 116
3234 6 16 618 1039
3233 6 3 615 970
3232 26 22 1348 605
3231 23 20 1786 1041
3230 3 10 984 463
3229 10 13 414 478
3228 13 13 967 355
3227 3 13 1889 538
3226 13 26 1639 927
3225 3 13 1210 892
3224 26 26 1790 648
3223 6 26 1143 180
3222 26 13 1295 104
3221 3 10 984 463
3220 19 22 1440 777
3219 19 3 784 755
3218 20 23 1551 986
3217 19 16 1967 865
3216 16 28 875 1094
3215 29 10 483 1038
3214 16 29 1739 656
3213 6 6 1058 294
3212 19 3 1814 369
3211 20 10 1663 207
3210 20 16 823 524
3209 16 22 1579 619
3208 3 19 901 980
3207 22 6 683 553
3206 26 26 1170 838
3205 29 16 1051 169
3204 7 26 1166 552
3203 10 13 347 187
3202 25 28 1370 535
3201 23 23 881 353
3200 20 13 1054 815
3199 28 6 1636 436
3198 7 23 907 152
3197 28 6 1208 309
3196 16 16 287 918
3195 20 13 848 198
3194 6 26 1991 318
3193 13 23 916 1026
3192 10 6 542 430
3191 6 10 1572 528
3190 6 6 1058 294
3189 22 22 930 324
3188 19 25 844 478
3187 16 13 1477 513
3186 6 6 1445 1014
3185 20 13 636 446
3184 20 13 636 446
3183 23 29 957 387
3182 16 29 1083 521
3181 6 6 631 145
3180 13 20 1925 840
3179 3 13 1502 270
3178 29 29 763 971
3177 10 10 588 654
3176 16 10 1309 888
3175 13 23 560 244
3174 19 25 305 782
3173 22 13 293 191
3172 26 13 1295 104
3171 13 26 396 664
3170 7 13 898 325
3169 29 20 1991 704
3168 7 7 501 800
3167 26 26 1170 838
3166 26 26 716 445
3165 19 6 1813 756
3164 6 16 618 1039
3163 29 16 1442 123
3162 13 9 1857 1017
3161 22 10 1079 154
3160 22 19 470 470
3159 19 26 836 356
3158 3 19 585 827
3157 13 13 1710 800
3156 16 19 1873 697
3155 19 13 1688 640
3154 22 10 1233 546
3153 19 13 1688 640
3152 9 6 1467 681
3151 20 10 1569 720
3150 19 28 213 755
3149 3 22 1662 201
3148 19 10 1820 348
3147 20 13 1054 815
3146 13 6 580 558
3145 16 3 1518 1053
3144 6 19 1591 138
3143 10 19 709 692
3142 6 16 647 872
3141 6 28 1820 271
3140 13 25 1026 365
3139 13 23 560 244
3138 22 13 226 631
3137 26 26 1790 648
3136 26 26 1170 838
3135 3 22 1662 201
3134 20 7 386 964
3133 16 13 707 359
3132 19 25 844 478
3131 6 16 1023 132
3130 6 26 1291 1035
3129 16 16 878 697
3128 16 28 935 528
3127 16 22 1579 619
3126 19 6 1813 756
3125 23 16 1936 498
3124 29 13 1014 130
3123 19 3 762 269
3122 29 29 1019 326
3121 16 10 1081 1064
3120 26 7 738 375
3119 10 19 709 692
3118 23 29 1789 900
3117 26 22 1628 925
3116 6 13 1713 686
3115 13 10 629 410
3114 6 6 1058 294
3113 10 3 1886 632
3112 25 22 1331 509
3111 13 23 916 1026
3110 29 20 1160 237
3109 3 22 1768 195
3108 6 26 1143 180
3107 7 16 789 650
3106 19 13 1875 107
3105 3 13 751 234
3104 13 25 1467 1058
3103 28 9 1185 918
3102 22 13 667 765
3101 16 13 707 359
3100 13 10 1614 331
3099 9 19 775 997
3098 20 13 1542 128
3097 25 16 1200 591
3096 16 28 875 1094
3095 13 6 223 597
3094 23 13 206 128
3093 19 22 1897 986
3092 3 20 1434 362
3091 3 3 575 287
3090 10 23 1205 1088
3089 28 22 330 563
3088 20 10 1569 720
3087 3 13 1502 270
3086 19 16 1967 865
3085 19 22 1260 355
3084 28 19 1240 826
3083 10 19 1278 267
3082 6 19 486 789
3081 19 3 1814 369
3080 13 13 1710 800
3079 3 16 1105 256
3078 3 10 1791 520
3077 10 23 1205 1088
3076 22 19 783 277
3075 19 16 1489 751
3074 3 13 751 234
3073 26 26 1261 1009
3072 22 9 1805 279
3071 29 29 763 971
3070 9 9 427 447
3069 6 26 1143 180
3068 6 13 1201 715
3067 10 10 1285 483
3066 10 19 1278 267
3065 16 29 1883 380
3064 16 28 935 528
3063 13 23 1714 347
3062 20 16 823 524
3061 22 10 1233 546
3060 10 10 1856 576
3059 19 13 1875 107
3058 9 13 211 1039
3057 6 16 618 1039
3056 16 10 396 514
3055 26 7 618 442
3054 19 13 884 455
3053 19 19 1956 207
3052 13 13 967 355
3051 6 22 562 614
3050 7 23 907 152
3049 26 20 971 308
3048 16 13 1718 114
3047 25 16 1200 591
3046 19 6 1204 453
3045 7 10 801 919
3044 16 13 671 726
3043 25 13 1251 384
3042 19 16 1351 615
3041 16 28 875 1094
3040 19 13 1040 651
3039 16 29 1593 882
3038 25 16 620 1002
3037 10 6 1747 577
3036 10 22 1694 969
3035 23 16 1918 1042
3034 26 22 1628 925
3033 16 16 878 697
3032 22 28 1717 549
3031 13 13 1710 800
3030 10 7 1801 301
3029 6 13 1201 715
3028 25 28 521 989
3027 28 6 1208 309
3026 16 19 1873 697
3025 10 23 1205 1088
3024 13 20 1925 840
3023 19 3 522 1009
3022 19 16 1489 751
3021 16 6 755 874
3020 22 29 1500 828
3019 26 29 267 777
3018 19 3 638 618
3017 3 16 753 124
3016 10 6 1747 577
3015 19 16 1967 865
3014 16 29 1002 441
3013 22 16 1175 863
3012 6 13 1201 715
3011 19 13 1040 651
3010 19 22 1804 622
3009 6 22 597 540
3008 7 16 789 650
3007 29 16 584 203
3006 6 19 486 789
3005 19 6 1813 756
3004 10 3 1641 417
3003 13 22 590 660
3002 10 6 1747 577
3001 9 22 452 901
3000 3 13 1306 202
2999 13 9 1857 1017
2998 29 10 1463 145
2997 13 22 590 660
2996 22 10 1079 154
2995 7 7 828 643
2994 7 20 1880 705
2993 29 26 719 600
2992 28 6 1953 299
2991 3 19 754 984
2990 29 16 1051 169
2989 13 10 1614 331
2988 16 28 1821 660
2987 25 25 371 509
2986 7 10 1672 419
2985 22 16 1819 768
2984 16 19 1193 338
2983 29 26 1724 482
2982 26 6 1156 1073
2981 23 20 1536 804
2980 16 29 1883 380
2979 19 6 324 237
2978 19 16 1012 845
2977 10 13 414 478
2976 13 6 1062 195
2975 3 20 1434 362
2974 7 26 1166 552
2973 22 9 1805 279
2972 16 19 234 1001
2971 13 6 1475 889
2970 3 22 1768 195
2969 22 3 338 357
2968 20 16 1200 991
2967 22 13 709 953
2966 3 19 600 422
2965 16 6 1332 642
2964 25 13 609 1070
2963 13 6 223 597
2962 16 3 836 819
2961 26 22 1065 616
2960 26 22 1513 447
2959 13 13 1679 146
2958 6 6 1058 294
2957 19 9 1897 881
2956 22 16 1175 863
2955 9 9 1137 1019
2954 26 6 774 314
2953 20 13 1542 128
2952 19 3 1547 279
2951 13 3 203 818
2950 6 29 1800 116
2949 22 22 930 324
2948 3 13 1907 307
2947 26 10 574 593
2946 22 22 626 1048
2945 26 26 716 445
2944 3 19 585 827
2943 13 29 1511 325
2942 16 6 755 874
2941 22 19 470 470
2940 26 26 496 520
2939 3 23 1410 1028
2938 13 6 1475 889
2937 22 13 667 765
2936 16 10 1309 888
2935 6 6 442 900
2934 20 13 636 446
2933 10 19 1278 267
2932 10 13 1315 328
2931 3 3 575 287
2930 6 19 1185 822
2929 10 3 547 766
2928 13 25 1467 1058
2927 23 3 1396 143
2926 10 3 1641 417
2925 13 25 550 100
2924 25 16 620 1002
2923 16 6 755 874
2922 13 26 1253 542
2921 20 16 1200 991
2920 23 20 437 996
2919 7 16 764 617
2918 6 19 996 631
2917 10 10 553 631
2916 22 3 480 1037
2915 19 26 836 356
2914 13 6 1987 926
2913 26 7 738 375
2912 3 16 1105 256
2911 6 3 1176 551
2910 22 13 293 191
2909 6 13 1201 715
2908 19 6 324 237
2907 19 28 213 755
2906 6 22 562 614
2905 22 16 982 229
2904 23 26 1520 942
2903 28 22 330 563
2902 20 3 1785 160
2901 10 13 1315 328
2900 7 29 743 826
2899 25 19 1753 524
2898 22 19 470 470
2897 23 23 1382 991
2896 23 26 1594 1052
2895 3 19 1928 713
2894 9 25 1529 1008
2893 19 22 1719 159
2892 19 13 1875 107
2891 13 6 1987 926
2890 13 10 738 190
2889 19 13 1875 107
2888 23 26 1913 600
2887 19 22 1440 777
2886 20 13 1054 815
2885 13 6 1699 1020
2884 10 10 1856 576
2883 13 3 466 937
2882 20 7 386 964
2881 25 28 1521 284
2880 16 13 1477 513
2879 10 19 1278 267
2878 22 13 709 953
2877 3 19 1928 713
2876 6 22 562 614
2875 19 13 1537 614
2874 13 6 580 558
2873 28 6 707 517
2872 16 3 704 1025
2871 19 28 213 755
2870 26 6 1156 1073
2869 10 10 1856 576
2868 29 26 719 600
2867 26 26 496 520
2866 3 19 901 980
2865 16 13 1718 114
2864 22 16 644 313
2863 6 22 597 540
2862 6 29 1859 261
2861 16 19 234 1001
2860 20 7 894 300
2859 19 13 1040 651
2858 22 22 318 898
2857 29 16 1369 817
2856 10 26 1843 187
2855 20 23 1325 338
2854 7 20 1880 705
2853 16 3 279 744
2852 23 26 1520 942
2851 16 13 671 726
2850 19 6 324 237
2849 19 6 1813 756
2848 16 28 1821 660
2847 19 25 854 790
2846 20 23 1551 986
2845 13 9 820 552
2844 23 26 1594 1052
2843 16 3 704 1025
2842 10 26 1229 237
2841 28 6 1065 121
2840 16 19 1873 697
2839 3 19 1432 1051
2838 16 13 1121 641
2837 9 19 775 997
2836 13 26 396 664
2835 19 28 946 1021
2834 3 16 1456 192
2833 26 13 1295 104
2832 3 3 715 977
2831 7 7 828 643
2830 16 16 706 408
2829 10 13 1315 328
2828 22 10 1079 154
2827 29 10 243 775
2826 16 19 234 1001
2825 23 29 957 387
2824 28 9 1185 918
2823 13 20 1925 840
2822 3 16 220 351
2821 6 26 1291 1035
2820 22 22 265 766
2819 10 22 1694 969
2818 16 29 1002 441
2817 7 3 1823 958
2816 19 22 1897 986
2815 16 6 1907 397
2814 26 29 610 917
2813 29 29 1019 326
2812 16 19 1873 697
2811 19 22 1804 622
2810 22 13 293 191
2809 10 26 410 192
2808 19 19 1437 576
2807 22 6 683 553
2806 26 6 1627 732
2805 13 13 1714 399
2804 26 22 1065 616
2803 19 22 735 193
2802 6 3 615 970
2801 13 23 560 244
2800 16 29 1142 878
2799 22 16 1598 841
2798 26 22 1513 447
2797 6 10 465 900
2796 13 3 466 937
2795 20 23 1236 246
2794 13 6 223 597
2793 22 3 480 1037
2792 22 19 470 470
2791 28 6 1953 299
2790 6 16 1023 132
2789 29 26 719 600
2788 28 19 1240 826
2787 3 13 1210 892
2786 3 10 1475 786
2785 7 7 501 800
2784 10 13 347 187
2783 26 22 1628 925
2782 23 26 1520 942
2781 6 19 1591 138
2780 13 16 1838 354
2779 3 3 575 287
2778 9 6 1467 681
2777 16 13 707 359
2776 6 22 794 783
2775 9 13 1442 168
2774 10 29 1065 111
2773 10 6 1765 970
2772 20 13 1542 128
2771 6 13 1201 715
2770 28 16 327 1010
2769 7 13 734 917
2768 25 28 724 816
2767 7 13 898 325
2766 6 16 647 872
2765 25 19 1889 468
2764 13 23 560 244
2763 19 19 1437 576
2762 6 6 631 145
2761 3 13 633 583
2760 23 23 881 353
2759 16 6 1907 397
2758 13 13 967 355
2757 3 13 1313 1080
2756 29 22 561 236
2755 22 16 1598 841
2754 7 26 634 751
2753 6 22 794 783
2752 9 13 211 1039
2751 6 10 465 900
2750 16 13 1477 513
2749 26 16 403 402
2748 25 22 471 448
2747 16 16 772 229
2746 19 19 873 118
2745 6 19 1243 977
2744 19 22 1200 449
2743 16 6 755 874
2742 29 29 763 971
2741 29 26 1522 215
2740 16 3 704 1025
2739 22 16 1819 768
2738 22 10 1079 154
2737 28 22 1166 491
2736 16 6 1907 397
2735 29 10 483 1038
2734 29 29 1019 326
2733 7 13 898 325
2732 3 19 952 540
2731 23 29 1232 389
2730 16 29 1883 380
2729 6 6 1445 1014
2728 13 16 1838 354
2727 26 6 1156 1073
2726 25 22 1331 509
2725 3 13 530 916
2724 7 16 789 650
2723 23 29 1789 900
2722 16 13 1121 641
2721 7 3 1823 958
2720 23 20 1786 1041
2719 22 3 480 1037
2718 6 19 1591 138
2717 16 13 1121 641
2716 13 3 466 937
2715 19 13 1784 152
2714 13 3 690 686
2713 7 7 501 800
2712 22 28 1717 549
2711 19 16 1489 751
2710 10 26 1843 187
2709 16 22 1579 619
2708 28 16 327 1010
2707 16 29 533 935
2706 16 13 707 359
2705 10 3 1886 632
2704 19 26 309 271
2703 13 10 738 190
2702 3 19 1928 713
2701 9 22 909 192
2700 13 10 483 694
2699 13 6 580 558
2698 13 29 719 531
2697 20 23 204 293
2696 23 26 1913 600
2695 7 7 1524 189
2694 16 29 1883 380
2693 28 22 330 563
2692 9 22 909 192
2691 23 26 1520 942
2690 19 6 1108 1031
2689 6 29 834 900
2688 26 29 267 777
2687 13 20 1925 840
2686 10 10 553 631
2685 22 19 1628 332
2684 13 25 550 100
2683 29 20 1704 502
2682 13 13 1008 398
2681 10 3 547 766
2680 20 13 1054 815
2679 26 29 610 917
2678 26 16 403 402
2677 7 16 764 617
2676 10 10 1285 483
2675 29 16 1442 123
2674 26 29 267 777
2673 10 10 1285 483
2672 13 10 738 190
2671 22 19 470 470
2670 29 20 1704 502
2669 16 10 1081 1064
2668 23 20 437 996
2667 6 26 1291 1035
2666 6 6 1921 197
2665 13 6 1062 195
2664 26 26 1170 838
2663 23 23 1366 481
2662 16 10 1309 888
2661 13 20 1925 840
2660 23 3 1396 143
2659 25 6 653 107
2658 25 6 216 182
2657 19 16 1351 615
2656 10 29 1488 1094
2655 20 7 894 300
2654 13 6 580 558
2653 19 25 1263 748
2652 3 13 472 300
2651 10 29 1065 111
2650 29 10 483 1038
2649 3 20 1645 316
2648 13 3 203 818
2647 23 7 983 372
2646 29 20 1704 502
2645 9 22 452 901
2644 10 19 1278 267
2643 23 3 1396 143
2642 13 3 699 1056
2641 26 7 738 375
2640 16 29 1883 380
2639 16 29 1083 521
2638 29 10 1463 145
2637 6 6 779 122
2636 16 13 1477 513
2635 25 28 221 802
2634 3 13 751 234
2633 7 23 1303 229
2632 6 10 1572 528
2631 23 16 1918 1042
2630 13 3 690 686
2629 26 7 618 442
2628 3 16 1105 256
2627 22 13 226 631
2626 25 28 724 816
2625 23 23 1382 991
2624 6 22 597 540
2623 10 6 1765 970
2622 28 6 707 517
2621 6 6 1445 1014
2620 19 9 1059 580
2619 3 13 1889 538
2618 19 3 1547 279
2617 26 13 1295 104
2616 19 29 1523 353
2615 10 19 1278 267
2614 16 10 1508 454
2613 25 6 216 182
2612 13 16 1785 297
2611 23 26 1520 942
2610 13 13 967 355
2609 29 13 1014 130
2608 19 13 1875 107
2607 13 23 916 1026
2606 13 26 1639 927
2605 22 29 1500 828
2604 10 29 676 526
2603 29 26 1522 215
2602 6 19 1243 977
2601 13 6 490 406
2600 23 20 1786 1041
2599 20 26 1863 104
2598 28 19 828 888
2597 26 26 496 520
2596 3 3 575 287
2595 13 3 690 686
2594 13 9 820 552
2593 23 20 1536 804
2592 23 26 1520 942
2591 3 13 1907 307
2590 16 3 477 194
2589 6 13 1713 686
2588 6 6 1921 197
2587 19 6 217 732
2586 22 16 1175 863
2585 19 13 1784 152
2584 19 3 522 1009
2583 16 3 1518 1053
2582 22 9 1509 598
2581 23 23 1382 991
2580 19 26 836 356
2579 6 6 442 900
2578 6 3 453 537
2577 7 7 1524 189
2576 3 10 1475 786
2575 16 3 279 744
2574 26 22 1628 925
2573 20 7 386 964
2572 19 3 762 269
2571 23 23 1366 481
2570 6 26 1291 1035
2569 22 13 1897 272
2568 25 22 471 448
2567 19 6 324 237
2566 16 28 1863 653
2565 19 3 1814 369
2564 7 13 898 325
2563 10 6 1765 970
2562 26 20 1645 318
2561 22 28 1717 549
2560 6 10 465 900
2559 16 16 772 229
2558 3 19 901 980
2557 3 13 355 737
2556 10 10 1856 576
2555 16 10 1309 888
2554 10 29 1488 1094
2553 23 20 1536 804
2552 29 20 1972 641
2551 28 6 1208 309
2550 13 26 396 664
2549 19 28 512 778
2548 13 25 1467 1058
2547 19 19 1990 106
2546 26 26 1261 1009
2545 23 23 881 353
2544 23 26 1913 600
2543 22 3 1492 283
2542 3 16 753 124
2541 10 6 542 430
2540 22 19 287 752
2539 19 6 1108 1031
2538 3 19 600 422
2537 7 10 1630 963
2536 3 20 1434 362
2535 19 13 1904 276
2534 22 19 287 752
2533 13 29 719 531
2532 29 20 1991 704
2531 16 10 1309 888
2530 16 13 367 703
2529 28 19 1240 826
2528 19 25 305 782
2527 16 6 755 874
2526 19 3 1547 279
2525 19 3 522 1009
2524 22 13 226 631
2523 16 19 1873 697
2522 25 6 647 415
2521 19 16 1351 615
2520 16 29 1694 404
2519 7 29 743 826
2518 10 16 1202 634
2517 20 7 386 964
2516 13 13 967 355
2515 26 22 1165 1100
2514 26 26 496 520
2513 26 22 1487 269
2512 16 19 234 1001
2511 13 25 1467 1058
2510 10 6 542 430
2509 13 6 1699 1020
2508 3 13 1210 892
2507 7 10 1630 963
2506 7 3 1607 273
2505 22 22 318 898
2504 6 6 779 122
2503 29 10 1463 145
2502 13 3 203 818
2501 16 6 755 874
2500 22 13 293 191
2499 29 16 1369 817
2498 10 3 1641 417
2497 16 20 816 1079
2496 22 29 1448 487
2495 22 3 1492 283
2494 6 19 1243 977
2493 16 22 1579 619
2492 26 29 267 777
2491 25 22 861 590
2490 19 16 1319 385
2489 22 29 1448 487
2488 16 16 772 229
2487 26 19 244 1055
2486 10 19 1278 267
2485 22 3 480 1037
2484 13 25 1467 1058
2483 6 6 1445 1014
2482 6 3 453 537
2481 22 22 626 1048
2480 6 10 713 921
2479 20 13 636 446
2478 29 10 1657 287
2477 10 29 1194 399
2476 10 6 1747 577
2475 19 22 1897 986
2474 29 22 561 236
2473 13 6 1475 889
2472 26 22 1065 616
2471 19 16 1319 385
2470 3 13 1889 538
2469 16 29 1739 656
2468 20 3 1785 160
2467 23 20 1536 804
2466 23 16 868 608
2465 26 22 1165 1100
2464 28 16 327 1010
2463 9 22 452 901
2462 9 19 1281 241
2461 7 23 907 152
2460 13 6 1062 195
2459 3 10 579 103
2458 28 6 1636 436
2457 3 9 1558 1056
2456 16 29 1593 882
2455 13 6 223 597
2454 7 20 1880 705
2453 16 10 1081 1064
2452 29 29 969 833
2451 7 26 1166 552
2450 20 10 1569 720
2449 25 6 647 415
2448 3 16 753 124
2447 3 20 1263 905
2446 19 3 1982 619
2445 6 29 834 900
2444 29 20 1704 502
2443 25 22 861 590
2442 25 13 546 1056
2441 19 22 1719 159
2440 16 3 262 658
2439 16 10 1508 454
2438 19 9 1059 580
2437 10 26 410 192
2436 26 26 1790 648
2435 29 10 483 1038
2434 19 22 691 728
2433 9 25 1529 1008
2432 13 25 550 100
2431 13 29 626 332
2430 22 6 683 553
2429 7 7 501 800
2428 19 13 1537 614
2427 23 16 868 608
2426 16 3 836 819
2425 28 19 1240 826
2424 13 16 1838 354
2423 3 3 699 786
2422 6 3 1176 551
2421 29 22 561 236
2420 16 29 1739 656
2419 22 19 470 470
2418 16 26 1789 1077
2417 25 28 1370 535
2416 16 26 1590 728
2415 19 28 946 1021
2414 9 6 748 381
2413 16 16 287 918
2412 16 10 1081 1064
2411 26 7 738 375
2410 3 13 472 300
2409 3 10 1791 520
2408 13 16 1894 625
2407 22 29 1448 487
2406 22 25 224 467
2405 22 19 470 470
2404 13 23 1714 347
2403 7 13 1210 414
2402 7 16 764 617
2401 7 20 1880 705
2400 26 13 1295 104
