id volume peso recompensa duração(s)
10799 26 6 1156 1073
10798 20 10 1663 207
10797 6 28 1820 271
10796 26 26 716 445
10795 3 16 1105 256
10794 9 6 1467 681
10793 9 22 452 901
10792 25 19 1889 468
10791 13 26 1073 1066
10790 13 9 820 552
10789 22 25 224 467
10788 16 3 836 819
10787 26 26 496 520
10786 29 26 1724 482
10785 7 26 634 751
10784 22 29 1500 828
10783 28 6 1636 436
10782 13 26 1639 927
10781 20 10 1663 207
10780 16 13 654 720
10779 22 3 1565 763
10778 9 25 1529 1008
10777 3 3 575 287
10776 13 20 1951 729
10775 6 6 1445 1014
10774 19 26 309 271
10773 13 20 1925 840
10772 20 13 1542 128
10771 16 13 1718 114
10770 9 19 775 997
10769 22 16 1598 841
10768 25 13 609 1070
10767 10 3 547 766
10766 26 10 574 593
10765 23 20 437 996
10764 16 29 1730 638
10763 13 20 1925 840
10762 10 3 1886 632
10761 16 16 706 408
10760 3 3 699 786
10759 3 16 220 351
10758 13 13 1714 399
10757 16 16 706 408
10756 3 23 1410 1028
10755 13 26 396 664
10754 26 26 716 445
10753 13 23 1714 347
10752 28 6 1208 309
10751 10 16 1202 634
10750 19 29 1523 353
10749 26 13 1295 104
10748 16 13 1477 513
10747 16 20 816 1079
10746 19 9 1059 580
10745 29 20 1972 641
10744 16 13 707 359
10743 3 19 952 540
10742 7 20 1880 705
10741 3 22 940 937
10740 10 13 419 950
10739 10 29 1488 1094
10738 19 22 691 728
10737 28 22 330 563
10736 19 19 1956 207
10735 29 20 1704 502
10734 29 20 1160 237
10733 28 6 1953 299
10732 10 13 414 478
10731 3 20 1263 905
10730 16 10 396 514
10729 9 19 775 997
10728 23 26 1913 600
10727 26 19 244 1055
10726 13 9 820 552
10725 13 10 738 190
10724 6 26 1991 318
10723 29 20 1991 704
10722 6 22 562 614
10721 16 16 706 408
10720 3 13 633 583
10719 3 19 585 827
10718 25 28 521 989
10717 19 16 1012 845
10716 13 13 1714 399
10715 13 3 455 292
10714 25 28 1370 535
10713 7 20 412 756
10712 29 19 1268 1095
10711 6 3 1347 609
10710 20 23 1551 986
10709 19 22 1260 355
10708 16 22 491 581
10707 13 10 629 410
10706 20 23 1325 338
10705 19 19 1990 106
10704 10 6 542 430
10703 6 29 1859 261
10702 22 19 602 291
10701 3 13 1210 892
10700 7 26 634 751
10699 13 10 1614 331
10698 10 6 1765 970
10697 19 28 512 778
10696 20 13 848 198
10695 6 6 779 122
10694 19 16 1012 845
10693 16 16 772 229
10692 13 3 690 686
10691 25 16 620 1002
10690 28 6 1208 309
10689 23 29 1232 389
10688 25 16 620 1002
10687 20 10 1569 720
10686 19 16 1489 751
10685 3 10 1791 520
10684 20 10 1569 720
10683 3 13 1502 270
10682 13 26 396 664
10681 19 25 1263 748
10680 26 29 610 917
10679 22 3 338 357
10678 22 25 914 337
10677 10 29 676 526
10676 16 22 491 581
10675 19 28 946 1021
10674 9 6 748 381
10673 13 9 1857 1017
10672 26 16 1303 358
10671 23 16 1918 1042
10670 10 13 1315 328
10669 19 13 1784 152
10668 16 13 1477 513
10667 3 20 1645 316
10666 23 26 1913 600
10665 19 22 1719 159
10664 29 10 483 1038
10663 19 16 1489 751
10662 13 6 1987 926
10661 22 29 1500 828
10660 26 29 1233 434
10659 19 3 638 618
10658 26 20 1645 318
10657 19 22 1200 449
10656 23 7 983 372
10655 6 29 834 900
10654 22 9 1509 598
10653 16 26 1789 1077
10652 25 25 371 509
10651 9 6 748 381
10650 13 3 690 686
10649 7 13 734 917
10648 23 7 936 609
10647 16 28 935 528
10646 23 20 1536 804
10645 10 22 1694 969
10644 19 25 305 782
10643 3 19 901 980
10642 10 10 553 631
10641 22 29 1448 487
10640 23 16 868 608
10639 25 28 1521 284
10638 25 25 371 509
10637 28 6 707 517
10636 13 3 699 1056
10635 19 22 1260 355
10634 23 13 206 128
10633 22 28 347 1058
10632 26 29 267 777
10631 3 19 600 422
10630 16 29 1883 380
10629 25 16 1200 591
10628 13 29 1255 923
10627 10 7 1801 301
10626 26 22 1348 605
10625 7 23 907 152
10624 28 16 327 1010
10623 22 22 265 766
10622 22 19 1628 332
10621 16 29 1739 656
10620 26 26 1170 838
10619 10 10 553 631
10618 10 7 1801 301
10617 13 3 690 686
10616 13 22 590 660
10615 13 29 626 332
10614 13 23 560 244
10613 13 26 1253 542
10612 29 26 1522 215
10611 16 13 367 703
10610 19 19 1956 207
10609 26 26 1170 838
10608 7 26 1257 632
10607 22 13 1897 272
10606 3 3 355 869
10605 6 13 1713 686
10604 25 22 580 176
10603 19 16 1351 615
10602 16 13 654 720
10601 23 26 1913 600
10600 3 22 940 937
10599 10 6 1765 970
10598 19 22 1719 159
10597 16 28 1863 653
10596 10 13 1315 328
10595 25 22 471 448
10594 16 3 279 744
10593 6 6 442 900
10592 9 9 1137 1019
10591 3 16 1796 762
10590 10 29 676 526
10589 29 16 1051 169
10588 13 9 1857 1017
10587 3 3 1563 535
10586 28 22 1166 491
10585 16 13 707 359
10584 6 3 1347 609
10583 3 22 940 937
10582 19 16 1319 385
10581 3 7 1565 226
10580 23 29 957 387
10579 7 20 412 756
10578 20 20 418 893
10577 9 9 1137 1019
10576 19 16 1319 385
10575 22 28 1002 795
10574 23 16 1936 498
10573 20 23 1551 986
10572 19 9 1897 881
10571 13 10 483 694
10570 22 3 480 1037
10569 29 20 1991 704
10568 25 13 546 1056
10567 10 7 1801 301
10566 23 13 206 128
10565 26 6 1627 732
10564 26 26 716 445
10563 3 16 753 124
10562 13 10 738 190
10561 19 22 1200 449
10560 22 16 644 313
10559 26 19 244 1055
10558 6 3 1347 609
10557 16 29 533 935
10556 3 10 984 463
10555 26 20 1645 318
10554 20 16 851 446
10553 26 16 1303 358
10552 22 13 667 765
10551 23 26 1594 1052
10550 19 19 1437 576
10549 16 16 287 918
10548 6 6 1921 197
10547 7 23 1303 229
10546 16 6 1188 697
10545 16 29 1730 638
10544 7 16 764 617
10543 3 3 1563 535
10542 13 29 1511 325
10541 20 26 1863 104
10540 7 23 907 152
10539 28 25 952 377
10538 16 10 1508 454
10537 3 16 1796 762
10536 29 10 243 775
10535 7 7 501 800
10534 23 29 1232 389
10533 19 22 1200 449
10532 19 13 1040 651
10531 13 13 1710 800
10530 22 16 1175 863
10529 3 13 1306 202
10528 9 25 849 1008
10527 25 28 1521 284
10526 22 28 1717 549
10525 16 29 533 935
10524 22 13 226 631
10523 3 19 901 980
10522 13 6 1062 195
10521 16 3 477 194
10520 13 6 490 406
10519 16 13 671 726
10518 16 16 706 408
10517 20 7 386 964
10516 26 22 1487 269
10515 20 20 418 893
10514 9 9 427 447
10513 10 29 1488 1094
10512 16 10 1081 1064
10511 22 29 1448 487
10510 10 10 553 631
10509 22 16 1598 841
10508 16 22 491 581
10507 3 16 1391 846
10506 26 29 267 777
10505 29 10 483 1038
10504 9 22 909 192
10503 22 29 1448 487
10502 22 10 1848 196
10501 19 3 1982 619
10500 25 28 1370 535
10499 26 6 774 314
10498 7 10 801 919
10497 16 28 1863 653
10496 28 6 1636 436
10495 23 29 957 387
10494 22 10 1233 546
10493 29 16 584 203
10492 3 16 1796 762
10491 19 13 1040 651
10490 3 16 1456 192
10489 22 13 293 191
10488 20 7 894 300
10487 10 13 419 950
10486 26 22 1165 1100
10485 6 19 996 631
10484 9 16 814 281
10483 20 7 894 300
10482 20 13 1542 128
10481 22 13 293 191
10480 9 22 452 901
10479 3 19 901 980
10478 19 9 1897 881
10477 13 13 1714 399
10476 19 16 1489 751
10475 13 16 1785 297
10474 19 6 1204 453
10473 25 25 371 509
10472 6 3 453 537
10471 3 13 751 234
10470 22 28 1002 795
10469 6 19 1243 977
10468 6 19 1185 822
10467 26 20 1645 318
10466 23 7 983 372
10465 3 22 1662 201
10464 7 10 1630 963
10463 19 19 873 118
10462 6 22 597 540
10461 28 19 1240 826
10460 26 16 1296 524
10459 25 28 1909 396
10458 19 3 638 618
10457 16 16 287 918
10456 25 16 620 1002
10455 16 3 262 658
10454 10 22 1694 969
10453 16 3 836 819
10452 26 22 1628 925
10451 19 19 1956 207
10450 6 3 1176 551
10449 28 16 827 999
10448 9 19 1281 241
10447 6 19 1185 822
10446 16 3 477 194
10445 26 7 618 442
10444 19 16 1319 385
10443 10 10 588 654
10442 13 13 967 355
10441 13 26 1639 927
10440 26 26 1790 648
10439 26 10 574 593
10438 22 19 1628 332
10437 9 19 1281 241
10436 13 3 621 723
10435 6 29 1800 116
10434 6 16 618 1039
10433 6 3 615 970
10432 26 22 1348 605
10431 23 20 1786 1041
10430 3 10 984 463
10429 10 13 414 478
10428 13 13 967 355
10427 3 13 1889 538
10426 13 26 1639 927
10425 3 13 1210 892
10424 26 26 1790 648
10423 6 26 1143 180
10422 26 13 1295 104
10421 3 10 984 463
10420 19 22 1440 777
10419 19 3 784 755
10418 20 23 1551 986
10417 19 16 1967 865
10416 16 28 875 1094
10415 29 10 483 1038
10414 16 29 1739 656
10413 6 6 1058 294
10412 19 3 1814 369
10411 20 10 1663 207
10410 20 16 823 524
10409 16 22 1579 619
10408 3 19 901 980
10407 22 6 683 553
10406 26 26 1170 838
10405 29 16 1051 169
10404 7 26 1166 552
10403 10 13 347 187
10402 25 28 1370 535
10401 23 23 881 353
10400 20 13 1054 815
10399 28 6 1636 436
10398 7 23 907 152
10397 28 6 1208 309
10396 16 16 287 918
10395 20 13 848 198
10394 6 26 1991 318
10393 13 23 916 1026
10392 10 6 542 430
10391 6 10 1572 528
10390 6 6 1058 294
10389 22 22 930 324
10388 19 25 844 478
10387 16 13 1477 513
10386 6 6 1445 1014
10385 20 13 636 446
10384 20 13 636 446
10383 23 29 957 387
10382 16 29 1083 521
10381 6 6 631 145
10380 13 20 1925 840
10379 3 13 1502 270
10378 29 29 763 971
10377 10 10 588 654
10376 16 10 1309 888
10375 13 23 560 244
10374 19 25 305 782
10373 22 13 293 191
10372 26 13 1295 104
10371 13 26 396 664
10370 7 13 898 325
10369 29 20 1991 704
10368 7 7 501 800
10367 26 26 1170 838
10366 26 26 716 445
10365 19 6 1813 756
10364 6 16 618 1039
10363 29 16 1442 123
10362 13 9 1857 1017
10361 22 10 1079 154
10360 22 19 470 470
10359 19 26 836 356
10358 3 19 585 827
10357 13 13 1710 800
10356 16 19 1873 697
10355 19 13 1688 640
10354 22 10 1233 546
10353 19 13 1688 640
10352 9 6 1467 681
10351 20 10 1569 720
10350 19 28 213 755
10349 3 22 1662 201
10348 19 10 1820 348
10347 20 13 1054 815
10346 13 6 580 558
10345 16 3 1518 1053
10344 6 19 1591 138
10343 10 19 709 692
10342 6 16 647 872
10341 6 28 1820 271
10340 13 25 1026 365
10339 13 23 560 244
10338 22 13 226 631
10337 26 26 1790 648
10336 26 26 1170 838
10335 3 22 1662 201
10334 20 7 386 964
10333 16 13 707 359
10332 19 25 844 478
10331 6 16 1023 132
10330 6 26 1291 1035
10329 16 16 878 697
10328 16 28 935 528
10327 16 22 1579 619
10326 19 6 1813 756
10325 23 16 1936 498
10324 29 13 1014 130
10323 19 3 762 269
10322 29 29 1019 326
10321 16 10 1081 1064
10320 26 7 738 375
10319 10 19 709 692
10318 23 29 1789 900
10317 26 22 1628 925
10316 6 13 1713 686
10315 13 10 629 410
10314 6 6 1058 294
10313 10 3 1886 632
10312 25 22 1331 509
10311 13 23 916 1026
10310 29 20 1160 237
10309 3 22 1768 195
10308 6 26 1143 180
10307 7 16 789 650
10306 19 13 1875 107
10305 3 13 751 234
10304 13 25 1467 1058
10303 28 9 1185 918
10302 22 13 667 765
10301 16 13 707 359
10300 13 10 1614 331
10299 9 19 775 997
10298 20 13 1542 128
10297 25 16 1200 591
10296 16 28 875 1094
10295 13 6 223 597
10294 23 13 206 128
10293 19 22 1897 986
10292 3 20 1434 362
10291 3 3 575 287
10290 10 23 1205 1088
10289 28 22 330 563
10288 20 10 1569 720
10287 3 13 1502 270
10286 19 16 1967 865
10285 19 22 1260 355
10284 28 19 1240 826
10283 10 19 1278 267
10282 6 19 486 789
10281 19 3 1814 369
10280 13 13 1710 800
10279 3 16 1105 256
10278 3 10 1791 520
10277 10 23 1205 1088
10276 22 19 783 277
10275 19 16 1489 751
10274 3 13 751 234
10273 26 26 1261 1009
10272 22 9 1805 279
10271 29 29 763 971
10270 9 9 427 447
10269 6 26 1143 180
10268 6 13 1201 715
10267 10 10 1285 483
10266 10 19 1278 267
10265 16 29 1883 380
10264 16 28 935 528
10263 13 23 1714 347
10262 20 16 823 524
10261 22 10 1233 546
10260 10 10 1856 576
10259 19 13 1875 107
10258 9 13 211 1039
10257 6 16 618 1039
10256 16 10 396 514
10255 26 7 618 442
10254 19 13 884 455
10253 19 19 1956 207
10252 13 13 967 355
10251 6 22 562 614
10250 7 23 907 152
10249 26 20 971 308
10248 16 13 1718 114
10247 25 16 1200 591
10246 19 6 1204 453
10245 7 10 801 919
10244 16 13 671 726
10243 25 13 1251 384
10242 19 16 1351 615
10241 16 28 875 1094
10240 19 13 1040 651
10239 16 29 1593 882
10238 25 16 620 1002
10237 10 6 1747 577
10236 10 22 1694 969
10235 23 16 1918 1042
10234 26 22 1628 925
10233 16 16 878 697
10232 22 28 1717 549
10231 13 13 1710 800
10230 10 7 1801 301
10229 6 13 1201 715
10228 25 28 521 989
10227 28 6 1208 309
10226 16 19 1873 697
10225 10 23 1205 1088
10224 13 20 1925 840
10223 19 3 522 1009
10222 19 16 1489 751
10221 16 6 755 874
10220 22 29 1500 828
10219 26 29 267 777
10218 19 3 638 618
10217 3 16 753 124
10216 10 6 1747 577
10215 19 16 1967 865
10214 16 29 1002 441
10213 22 16 1175 863
10212 6 13 1201 715
10211 19 13 1040 651
10210 19 22 1804 622
10209 6 22 597 540
10208 7 16 789 650
10207 29 16 584 203
10206 6 19 486 789
10205 19 6 1813 756
10204 10 3 1641 417
10203 13 22 590 660
10202 10 6 1747 577
10201 9 22 452 901
10200 3 13 1306 202
10199 13 9 1857 1017
10198 29 10 1463 145
10197 13 22 590 660
10196 22 10 1079 154
10195 7 7 828 643
10194 7 20 1880 705
10193 29 26 719 600
10192 28 6 1953 299
10191 3 19 754 984
10190 29 16 1051 169
10189 13 10 1614 331
10188 16 28 1821 660
10187 25 25 371 509
10186 7 10 1672 419
10185 22 16 1819 768
10184 16 19 1193 338
10183 29 26 1724 482
10182 26 6 1156 1073
10181 23 20 1536 804
10180 16 29 1883 380
10179 19 6 324 237
10178 19 16 1012 845
10177 10 13 414 478
10176 13 6 1062 195
10175 3 20 1434 362
10174 7 26 1166 552
10173 22 9 1805 279
10172 16 19 234 1001
10171 13 6 1475 889
10170 3 22 1768 195
10169 22 3 338 357
10168 20 16 1200 991
10167 22 13 709 953
10166 3 19 600 422
10165 16 6 1332 642
10164 25 13 609 1070
10163 13 6 223 597
10162 16 3 836 819
10161 26 22 1065 616
10160 26 22 1513 447
10159 13 13 1679 146
10158 6 6 1058 294
10157 19 9 1897 881
10156 22 16 1175 863
10155 9 9 1137 1019
10154 26 6 774 314
10153 20 13 1542 128
10152 19 3 1547 279
10151 13 3 203 818
10150 6 29 1800 116
10149 22 22 930 324
10148 3 13 1907 307
10147 26 10 574 593
10146 22 22 626 1048
10145 26 26 716 445
10144 3 19 585 827
10143 13 29 1511 325
10142 16 6 755 874
10141 22 19 470 470
10140 26 26 496 520
10139 3 23 1410 1028
10138 13 6 1475 889
10137 22 13 667 765
10136 16 10 1309 888
10135 6 6 442 900
10134 20 13 636 446
10133 10 19 1278 267
10132 10 13 1315 328
10131 3 3 575 287
10130 6 19 1185 822
10129 10 3 547 766
10128 13 25 1467 1058
10127 23 3 1396 143
10126 10 3 1641 417
10125 13 25 550 100
10124 25 16 620 1002
10123 16 6 755 874
10122 13 26 1253 542
10121 20 16 1200 991
10120 23 20 437 996
10119 7 16 764 617
10118 6 19 996 631
10117 10 10 553 631
10116 22 3 480 1037
10115 19 26 836 356
10114 13 6 1987 926
10113 26 7 738 375
10112 3 16 1105 256
10111 6 3 1176 551
10110 22 13 293 191
10109 6 13 1201 715
10108 19 6 324 237
10107 19 28 213 755
10106 6 22 562 614
10105 22 16 982 229
10104 23 26 1520 942
10103 28 22 330 563
10102 20 3 1785 160
10101 10 13 1315 328
10100 7 29 743 826
10099 25 19 1753 524
10098 22 19 470 470
10097 23 23 1382 991
10096 23 26 1594 1052
10095 3 19 1928 713
10094 9 25 1529 1008
10093 19 22 1719 159
10092 19 13 1875 107
10091 13 6 1987 926
10090 13 10 738 190
10089 19 13 1875 107
10088 23 26 1913 600
10087 19 22 1440 777
10086 20 13 1054 815
10085 13 6 1699 1020
10084 10 10 1856 576
10083 13 3 466 937
10082 20 7 386 964
10081 25 28 1521 284
10080 16 13 1477 513
10079 10 19 1278 267
10078 22 13 709 953
10077 3 19 1928 713
10076 6 22 562 614
10075 19 13 1537 614
10074 13 6 580 558
10073 28 6 707 517
10072 16 3 704 1025
10071 19 28 213 755
10070 26 6 1156 1073
10069 10 10 1856 576
10068 29 26 719 600
10067 26 26 496 520
10066 3 19 901 980
10065 16 13 1718 114
10064 22 16 644 313
10063 6 22 597 540
10062 6 29 1859 261
10061 16 19 234 1001
10060 20 7 894 300
10059 19 13 1040 651
10058 22 22 318 898
10057 29 16 1369 817
10056 10 26 1843 187
10055 20 23 1325 338
10054 7 20 1880 705
10053 16 3 279 744
10052 23 26 1520 942
10051 16 13 671 726
10050 19 6 324 237
10049 19 6 1813 756
10048 16 28 1821 660
10047 19 25 854 790
10046 20 23 1551 986
10045 13 9 820 552
10044 23 26 1594 1052
10043 16 3 704 1025
10042 10 26 1229 237
10041 28 6 1065 121
10040 16 19 1873 697
10039 3 19 1432 1051
10038 16 13 1121 641
10037 9 19 775 997
10036 13 26 396 664
10035 19 28 946 1021
10034 3 16 1456 192
10033 26 13 1295 104
10032 3 3 715 977
10031 7 7 828 643
10030 16 16 706 408
10029 10 13 1315 328
10028 22 10 1079 154
10027 29 10 243 775
10026 16 19 234 1001
10025 23 29 957 387
10024 28 9 1185 918
10023 13 20 1925 840
10022 3 16 220 351
10021 6 26 1291 1035
10020 22 22 265 766
10019 10 22 1694 969
10018 16 29 1002 441
10017 7 3 1823 958
10016 19 22 1897 986
10015 16 6 1907 397
10014 26 29 610 917
10013 29 29 1019 326
10012 16 19 1873 697
10011 19 22 1804 622
10010 22 13 293 191
10009 10 26 410 192
10008 19 19 1437 576
10007 22 6 683 553
10006 26 6 1627 732
10005 13 13 1714 399
10004 26 22 1065 616
10003 19 22 735 193
10002 6 3 615 970
10001 13 23 560 244
10000 16 29 1142 878
9999 22 16 1598 841
9998 26 22 1513 447
9997 6 10 465 900
9996 13 3 466 937
9995 20 23 1236 246
9994 13 6 223 597
9993 22 3 480 1037
9992 22 19 470 470
9991 28 6 1953 299
9990 6 16 1023 132
9989 29 26 719 600
9988 28 19 1240 826
9987 3 13 1210 892
9986 3 10 1475 786
9985 7 7 501 800
9984 10 13 347 187
9983 26 22 1628 925
9982 23 26 1520 942
9981 6 19 1591 138
9980 13 16 1838 354
9979 3 3 575 287
9978 9 6 1467 681
9977 16 13 707 359
9976 6 22 794 783
9975 9 13 1442 168
9974 10 29 1065 111
9973 10 6 1765 970
9972 20 13 1542 128
9971 6 13 1201 715
9970 28 16 327 1010
9969 7 13 734 917
9968 25 28 724 816
9967 7 13 898 325
9966 6 16 647 872
9965 25 19 1889 468
9964 13 23 560 244
9963 19 19 1437 576
9962 6 6 631 145
9961 3 13 633 583
9960 23 23 881 353
9959 16 6 1907 397
9958 13 13 967 355
9957 3 13 1313 1080
9956 29 22 561 236
9955 22 16 1598 841
9954 7 26 634 751
9953 6 22 794 783
9952 9 13 211 1039
9951 6 10 465 900
9950 16 13 1477 513
9949 26 16 403 402
9948 25 22 471 448
9947 16 16 772 229
9946 19 19 873 118
9945 6 19 1243 977
9944 19 22 1200 449
9943 16 6 755 874
9942 29 29 763 971
9941 29 26 1522 215
9940 16 3 704 1025
9939 22 16 1819 768
9938 22 10 1079 154
9937 28 22 1166 491
9936 16 6 1907 397
9935 29 10 483 1038
9934 29 29 1019 326
9933 7 13 898 325
9932 3 19 952 540
9931 23 29 1232 389
9930 16 29 1883 380
9929 6 6 1445 1014
9928 13 16 1838 354
9927 26 6 1156 1073
9926 25 22 1331 509
9925 3 13 530 916
9924 7 16 789 650
9923 23 29 1789 900
9922 16 13 1121 641
9921 7 3 1823 958
9920 23 20 1786 1041
9919 22 3 480 1037
9918 6 19 1591 138
9917 16 13 1121 641
9916 13 3 466 937
9915 19 13 1784 152
9914 13 3 690 686
9913 7 7 501 800
9912 22 28 1717 549
9911 19 16 1489 751
9910 10 26 1843 187
9909 16 22 1579 619
9908 28 16 327 1010
9907 16 29 533 935
9906 16 13 707 359
9905 10 3 1886 632
9904 19 26 309 271
9903 13 10 738 190
9902 3 19 1928 713
9901 9 22 909 192
9900 13 10 483 694
9899 13 6 580 558
9898 13 29 719 531
9897 20 23 204 293
9896 23 26 1913 600
9895 7 7 1524 189
9894 16 29 1883 380
9893 28 22 330 563
9892 9 22 909 192
9891 23 26 1520 942
9890 19 6 1108 1031
9889 6 29 834 900
9888 26 29 267 777
9887 13 20 1925 840
9886 10 10 553 631
9885 22 19 1628 332
9884 13 25 550 100
9883 29 20 1704 502
9882 13 13 1008 398
9881 10 3 547 766
9880 20 13 1054 815
9879 26 29 610 917
9878 26 16 403 402
9877 7 16 764 617
9876 10 10 1285 483
9875 29 16 1442 123
9874 26 29 267 777
9873 10 10 1285 483
9872 13 10 738 190
9871 22 19 470 470
9870 29 20 1704 502
9869 16 10 1081 1064
9868 23 20 437 996
9867 6 26 1291 1035
9866 6 6 1921 197
9865 13 6 1062 195
9864 26 26 1170 838
9863 23 23 1366 481
9862 16 10 1309 888
9861 13 20 1925 840
9860 23 3 1396 143
9859 25 6 653 107
9858 25 6 216 182
9857 19 16 1351 615
9856 10 29 1488 1094
9855 20 7 894 300
9854 13 6 580 558
9853 19 25 1263 748
9852 3 13 472 300
9851 10 29 1065 111
9850 29 10 483 1038
9849 3 20 1645 316
9848 13 3 203 818
9847 23 7 983 372
9846 29 20 1704 502
9845 9 22 452 901
9844 10 19 1278 267
9843 23 3 1396 143
9842 13 3 699 1056
9841 26 7 738 375
9840 16 29 1883 380
9839 16 29 1083 521
9838 29 10 1463 145
9837 6 6 779 122
9836 16 13 1477 513
9835 25 28 221 802
9834 3 13 751 234
9833 7 23 1303 229
9832 6 10 1572 528
9831 23 16 1918 1042
9830 13 3 690 686
9829 26 7 618 442
9828 3 16 1105 256
9827 22 13 226 631
9826 25 28 724 816
9825 23 23 1382 991
9824 6 22 597 540
9823 10 6 1765 970
9822 28 6 707 517
9821 6 6 1445 1014
9820 19 9 1059 580
9819 3 13 1889 538
9818 19 3 1547 279
9817 26 13 1295 104
9816 19 29 1523 353
9815 10 19 1278 267
9814 16 10 1508 454
9813 25 6 216 182
9812 13 16 1785 297
9811 23 26 1520 942
9810 13 13 967 355
9809 29 13 1014 130
9808 19 13 1875 107
9807 13 23 916 1026
9806 13 26 1639 927
9805 22 29 1500 828
9804 10 29 676 526
9803 29 26 1522 215
9802 6 19 1243 977
9801 13 6 490 406
9800 23 20 1786 1041
9799 20 26 1863 104
9798 28 19 828 888
9797 26 26 496 520
9796 3 3 575 287
9795 13 3 690 686
9794 13 9 820 552
9793 23 20 1536 804
9792 23 26 1520 942
9791 3 13 1907 307
9790 16 3 477 194
9789 6 13 1713 686
9788 6 6 1921 197
9787 19 6 217 732
9786 22 16 1175 863
9785 19 13 1784 152
9784 19 3 522 1009
9783 16 3 1518 1053
9782 22 9 1509 598
9781 23 23 1382 991
9780 19 26 836 356
9779 6 6 442 900
9778 6 3 453 537
9777 7 7 1524 189
9776 3 10 1475 786
9775 16 3 279 744
9774 26 22 1628 925
9773 20 7 386 964
9772 19 3 762 269
9771 23 23 1366 481
9770 6 26 1291 1035
9769 22 13 1897 272
9768 25 22 471 448
9767 19 6 324 237
9766 16 28 1863 653
9765 19 3 1814 369
9764 7 13 898 325
9763 10 6 1765 970
9762 26 20 1645 318
9761 22 28 1717 549
9760 6 10 465 900
9759 16 16 772 229
9758 3 19 901 980
9757 3 13 355 737
9756 10 10 1856 576
9755 16 10 1309 888
9754 10 29 1488 1094
9753 23 20 1536 804
9752 29 20 1972 641
9751 28 6 1208 309
9750 13 26 396 664
9749 19 28 512 778
9748 13 25 1467 1058
9747 19 19 1990 106
9746 26 26 1261 1009
9745 23 23 881 353
9744 23 26 1913 600
9743 22 3 1492 283
9742 3 16 753 124
9741 10 6 542 430
9740 22 19 287 752
9739 19 6 1108 1031
9738 3 19 600 422
9737 7 10 1630 963
9736 3 20 1434 362
9735 19 13 1904 276
9734 22 19 287 752
9733 13 29 719 531
9732 29 20 1991 704
9731 16 10 1309 888
9730 16 13 367 703
9729 28 19 1240 826
9728 19 25 305 782
9727 16 6 755 874
9726 19 3 1547 279
9725 19 3 522 1009
9724 22 13 226 631
9723 16 19 1873 697
9722 25 6 647 415
9721 19 16 1351 615
9720 16 29 1694 404
9719 7 29 743 826
9718 10 16 1202 634
9717 20 7 386 964
9716 13 13 967 355
9715 26 22 1165 1100
9714 26 26 496 520
9713 26 22 1487 269
9712 16 19 234 1001
9711 13 25 1467 1058
9710 10 6 542 430
9709 13 6 1699 1020
9708 3 13 1210 892
9707 7 10 1630 963
9706 7 3 1607 273
9705 22 22 318 898
9704 6 6 779 122
9703 29 10 1463 145
9702 13 3 203 818
9701 16 6 755 874
9700 22 13 293 191
9699 29 16 1369 817
9698 10 3 1641 417
9697 16 20 816 1079
9696 22 29 1448 487
9695 22 3 1492 283
9694 6 19 1243 977
9693 16 22 1579 619
9692 26 29 267 777
9691 25 22 861 590
9690 19 16 1319 385
9689 22 29 1448 487
9688 16 16 772 229
9687 26 19 244 1055
9686 10 19 1278 267
9685 22 3 480 1037
9684 13 25 1467 1058
9683 6 6 1445 1014
9682 6 3 453 537
9681 22 22 626 1048
9680 6 10 713 921
9679 20 13 636 446
9678 29 10 1657 287
9677 10 29 1194 399
9676 10 6 1747 577
9675 19 22 1897 986
9674 29 22 561 236
9673 13 6 1475 889
9672 26 22 1065 616
9671 19 16 1319 385
9670 3 13 1889 538
9669 16 29 1739 656
9668 20 3 1785 160
9667 23 20 1536 804
9666 23 16 868 608
9665 26 22 1165 1100
9664 28 16 327 1010
9663 9 22 452 901
9662 9 19 1281 241
9661 7 23 907 152
9660 13 6 1062 195
9659 3 10 579 103
9658 28 6 1636 436
9657 3 9 1558 1056
9656 16 29 1593 882
9655 13 6 223 597
9654 7 20 1880 705
9653 16 10 1081 1064
9652 29 29 969 833
9651 7 26 1166 552
9650 20 10 1569 720
9649 25 6 647 415
9648 3 16 753 124
9647 3 20 1263 905
9646 19 3 1982 619
9645 6 29 834 900
9644 29 20 1704 502
9643 25 22 861 590
9642 25 13 546 1056
9641 19 22 1719 159
9640 16 3 262 658
9639 16 10 1508 454
9638 19 9 1059 580
9637 10 26 410 192
9636 26 26 1790 648
9635 29 10 483 1038
9634 19 22 691 728
9633 9 25 1529 1008
9632 13 25 550 100
9631 13 29 626 332
9630 22 6 683 553
9629 7 7 501 800
9628 19 13 1537 614
9627 23 16 868 608
9626 16 3 836 819
9625 28 19 1240 826
9624 13 16 1838 354
9623 3 3 699 786
9622 6 3 1176 551
9621 29 22 561 236
9620 16 29 1739 656
9619 22 19 470 470
9618 16 26 1789 1077
9617 25 28 1370 535
9616 16 26 1590 728
9615 19 28 946 1021
9614 9 6 748 381
9613 16 16 287 918
9612 16 10 1081 1064
9611 26 7 738 375
9610 3 13 472 300
9609 3 10 1791 520
9608 13 16 1894 625
9607 22 29 1448 487
9606 22 25 224 467
9605 22 19 470 470
9604 13 23 1714 347
9603 7 13 1210 414
9602 7 16 764 617
9601 7 20 1880 705
9600 26 13 1295 104
9599 3 13 1502 270
9598 9 6 748 381
9597 13 3 621 723
9596 26 22 1628 925
9595 13 16 1894 625
9594 13 6 1475 889
9593 25 6 653 107
9592 19 6 1813 756
9591 16 20 816 1079
9590 22 9 1805 279
9589 22 16 1598 841
9588 26 22 1348 605
9587 22 22 626 1048
9586 7 23 907 152
9585 22 16 1175 863
9584 10 23 1205 1088
9583 9 9 1137 1019
9582 16 13 671 726
9581 9 25 849 1008
9580 19 29 1523 353
9579 10 16 1202 634
9578 16 26 1590 728
9577 22 3 1492 283
9576 16 29 1002 441
9575 6 19 1185 822
9574 19 6 217 732
9573 7 10 1630 963
9572 3 10 1475 786
9571 16 6 1332 642
9570 22 28 347 1058
9569 16 3 262 658
9568 6 22 562 614
9567 10 10 553 631
9566 22 13 709 953
9565 22 16 982 229
9564 19 25 305 782
9563 13 10 483 694
9562 23 13 206 128
9561 10 3 1641 417
9560 19 26 309 271
9559 6 6 564 1017
9558 3 10 579 103
9557 7 29 598 161
9556 25 22 1331 509
9555 16 28 1821 660
9554 16 19 1193 338
9553 10 3 1886 632
9552 19 13 1904 276
9551 13 29 1511 325
9550 19 25 1263 748
9549 19 25 305 782
9548 16 19 1193 338
9547 19 26 309 271
9546 13 9 1857 1017
9545 3 16 1456 192
9544 10 13 347 187
9543 6 26 1991 318
9542 16 6 1907 397
9541 13 29 1255 923
9540 6 26 1143 180
9539 20 16 823 524
9538 16 19 234 1001
9537 3 19 585 827
9536 9 9 427 447
9535 22 25 914 337
9534 6 26 1291 1035
9533 3 13 1907 307
9532 26 22 1065 616
9531 29 20 1972 641
9530 22 16 1819 768
9529 19 19 1437 576
9528 22 10 1079 154
9527 19 13 1688 640
9526 7 20 1241 674
9525 25 13 609 1070
9524 13 23 560 244
9523 19 16 1012 845
9522 7 16 764 617
9521 10 6 542 430
9520 3 13 751 234
9519 25 25 371 509
9518 13 29 719 531
9517 3 13 1313 1080
9516 6 29 1800 116
9515 6 22 597 540
9514 22 25 1227 810
9513 7 3 1607 273
9512 16 28 935 528
9511 19 22 735 193
9510 22 22 318 898
9509 22 3 1492 283
9508 16 16 1633 195
9507 25 22 471 448
9506 9 19 1281 241
9505 6 6 1445 1014
9504 29 29 969 833
9503 16 19 1873 697
9502 13 10 483 694
9501 23 26 1913 600
9500 7 7 501 800
9499 22 16 644 313
9498 25 6 647 415
9497 29 26 719 600
9496 13 25 1026 365
9495 20 26 1863 104
9494 25 19 1889 468
9493 26 20 971 308
9492 19 3 1982 619
9491 7 10 1672 419
9490 3 9 1558 1056
9489 28 19 828 888
9488 19 3 784 755
9487 7 29 598 161
9486 3 19 585 827
9485 16 13 367 703
9484 26 29 267 777
9483 22 6 683 553
9482 6 6 1921 197
9481 10 26 1229 237
9480 3 16 1105 256
9479 3 3 715 977
9478 19 10 1820 348
9477 6 6 1058 294
9476 26 29 610 917
9475 13 10 483 694
9474 13 10 629 410
9473 16 10 1309 888
9472 9 16 814 281
9471 22 25 914 337
9470 19 19 873 118
9469 3 3 355 869
9468 19 22 1719 159
9467 26 10 574 593
9466 7 26 1166 552
9465 19 22 1804 622
9464 16 16 706 408
9463 23 16 1936 498
9462 3 16 501 692
9461 25 19 1753 524
9460 19 6 217 732
9459 19 6 1813 756
9458 7 20 412 756
9457 25 28 1909 396
9456 16 10 1309 888
9455 19 6 217 732
9454 3 22 940 937
9453 28 19 1240 826
9452 20 16 823 524
9451 6 6 779 122
9450 13 10 738 190
9449 3 13 1210 892
9448 13 29 719 531
9447 28 19 1240 826
9446 9 6 748 381
9445 3 3 355 869
9444 10 16 1202 634
9443 26 26 716 445
9442 9 19 775 997
9441 6 16 618 1039
9440 7 3 1823 958
9439 16 28 875 1094
9438 16 29 1694 404
9437 13 3 795 302
9436 3 19 952 540
9435 3 23 697 699
9434 19 16 1489 751
9433 22 22 930 324
9432 20 26 1863 104
9431 26 26 496 520
9430 10 3 1886 632
9429 3 16 1391 846
9428 20 23 1236 246
9427 6 22 666 504
9426 7 20 1880 705
9425 20 13 1054 815
9424 13 29 1511 325
9423 20 23 1236 246
9422 16 3 227 464
9421 10 7 1801 301
9420 19 28 946 1021
9419 19 13 884 455
9418 22 6 683 553
9417 10 29 1194 399
9416 16 3 1518 1053
9415 22 3 1565 763
9414 16 3 279 744
9413 10 13 347 187
9412 13 3 455 292
9411 13 10 629 410
9410 16 28 1863 653
9409 13 25 1467 1058
9408 6 26 1291 1035
9407 13 6 223 597
9406 22 16 1819 768
9405 22 3 1565 763
9404 29 20 1972 641
9403 16 28 935 528
9402 29 26 719 600
9401 19 3 638 618
9400 6 29 1859 261
9399 22 28 1002 795
9398 9 22 909 192
9397 6 26 1991 318
9396 29 19 1268 1095
9395 26 22 1348 605
9394 23 29 1789 900
9393 6 19 996 631
9392 13 22 590 660
9391 3 19 1432 1051
9390 16 20 816 1079
9389 9 25 1529 1008
9388 29 10 1657 287
9387 28 16 327 1010
9386 3 16 1456 192
9385 26 26 1170 838
9384 3 19 952 540
9383 3 20 1263 905
9382 3 19 1928 713
9381 19 13 1537 614
9380 22 3 1565 763
9379 19 22 1804 622
9378 10 3 547 766
9377 13 23 916 1026
9376 26 6 1627 732
9375 10 6 542 430
9374 7 13 734 917
9373 22 3 338 357
9372 6 29 834 900
9371 19 13 1040 651
9370 6 16 618 1039
9369 6 26 1291 1035
9368 3 20 1263 905
9367 22 3 1492 283
9366 9 13 1442 168
9365 10 29 1194 399
9364 29 26 1724 482
9363 13 16 1838 354
9362 16 28 1821 660
9361 16 29 1083 521
9360 6 16 647 872
9359 23 20 1786 1041
9358 25 6 653 107
9357 25 6 216 182
9356 13 22 590 660
9355 22 16 1819 768
9354 22 10 1848 196
9353 19 25 854 790
9352 23 20 1786 1041
9351 26 22 1348 605
9350 29 22 561 236
9349 10 6 1765 970
9348 28 22 330 563
9347 22 29 1448 487
9346 29 10 483 1038
9345 19 13 884 455
9344 29 29 1019 326
9343 29 10 1657 287
9342 6 19 1243 977
9341 25 22 1331 509
9340 19 3 784 755
9339 6 29 1800 116
9338 16 16 1633 195
9337 19 6 217 732
9336 19 26 309 271
9335 25 28 221 802
9334 22 16 1819 768
9333 16 19 234 1001
9332 22 29 1448 487
9331 29 22 561 236
9330 25 28 221 802
9329 25 22 861 590
9328 16 29 1593 882
9327 3 19 1928 713
9326 6 13 1713 686
9325 6 29 834 900
9324 13 26 1253 542
9323 23 23 1382 991
9322 16 10 1081 1064
9321 10 3 1641 417
9320 25 13 609 1070
9319 9 25 849 1008
9318 22 16 982 229
9317 9 19 775 997
9316 16 19 1873 697
9315 26 7 738 375
9314 16 22 491 581
9313 23 26 1594 1052
9312 9 25 849 1008
9311 16 28 935 528
9310 19 25 1263 748
9309 10 6 542 430
9308 20 13 848 198
9307 19 16 1319 385
9306 6 22 794 783
9305 28 6 1636 436
9304 28 22 1166 491
9303 22 6 683 553
9302 19 9 1897 881
9301 10 13 419 950
9300 3 3 1563 535
9299 25 13 546 1056
9298 26 16 1303 358
9297 22 13 1897 272
9296 29 20 1972 641
9295 16 19 1193 338
9294 20 26 1863 104
9293 13 10 483 694
9292 19 6 1813 756
9291 23 23 1366 481
9290 13 25 1026 365
9289 7 3 1607 273
9288 10 29 1488 1094
9287 10 6 1747 577
9286 19 26 309 271
9285 19 16 1351 615
9284 28 6 1208 309
9283 26 16 403 402
9282 9 19 775 997
9281 19 13 1904 276
9280 20 16 851 446
9279 23 23 1366 481
9278 3 19 1432 1051
9277 7 20 1241 674
9276 20 23 1325 338
9275 16 13 1121 641
9274 19 28 512 778
9273 25 28 521 989
9272 26 19 244 1055
9271 25 16 620 1002
9270 10 6 542 430
9269 25 28 1521 284
9268 29 22 561 236
9267 19 6 1108 1031
9266 6 10 1572 528
9265 19 28 486 840
9264 13 10 629 410
9263 22 28 1002 795
9262 26 26 1261 1009
9261 16 16 527 1100
9260 16 3 279 744
9259 10 13 1315 328
9258 3 22 940 937
9257 19 25 844 478
9256 19 13 1904 276
9255 19 13 884 455
9254 28 19 1240 826
9253 13 3 466 937
9252 6 13 1201 715
9251 25 22 1331 509
9250 10 23 1205 1088
9249 25 28 1909 396
9248 16 6 1332 642
9247 22 16 1819 768
9246 26 19 1397 1043
9245 3 13 530 916
9244 16 16 706 408
9243 26 16 1296 524
9242 16 6 1907 397
9241 19 22 1897 986
9240 6 19 486 789
9239 6 3 1176 551
9238 16 13 654 720
9237 13 10 1614 331
9236 16 13 707 359
9235 25 6 653 107
9234 19 22 1804 622
9233 22 25 224 467
9232 3 16 1105 256
9231 7 20 1577 1043
9230 6 6 442 900
9229 6 29 834 900
9228 26 22 1628 925
9227 16 16 1633 195
9226 22 3 1565 763
9225 22 16 982 229
9224 28 16 827 999
9223 3 20 1434 362
9222 16 13 671 726
9221 3 23 1410 1028
9220 13 3 455 292
9219 16 26 1789 1077
9218 6 16 618 1039
9217 13 3 466 937
9216 20 16 851 446
9215 3 16 753 124
9214 26 10 574 593
9213 22 13 667 765
9212 16 23 746 416
9211 7 3 1607 273
9210 19 6 1204 453
9209 13 10 1614 331
9208 13 22 590 660
9207 3 22 1662 201
9206 6 22 666 504
9205 6 10 1572 528
9204 3 13 1502 270
9203 16 29 1142 878
9202 19 6 1108 1031
9201 25 19 1889 468
9200 10 13 1315 328
9199 23 23 1366 481
9198 10 26 1843 187
9197 16 6 1188 697
9196 3 20 1434 362
9195 3 13 1502 270
9194 16 29 1694 404
9193 6 10 713 921
9192 26 22 1513 447
9191 10 29 1488 1094
9190 3 19 585 827
9189 10 29 676 526
9188 3 16 501 692
9187 3 20 1434 362
9186 19 16 1319 385
9185 10 10 1856 576
9184 6 3 615 970
9183 26 10 574 593
9182 23 16 868 608
9181 22 22 265 766
9180 13 6 1987 926
9179 19 3 1982 619
9178 3 19 585 827
9177 7 26 1166 552
9176 20 16 1200 991
9175 19 22 1804 622
9174 29 20 1972 641
9173 26 16 1303 358
9172 10 10 588 654
9171 13 26 1253 542
9170 25 13 609 1070
9169 20 23 204 293
9168 16 29 1142 878
9167 26 20 971 308
9166 19 16 1967 865
9165 6 29 1859 261
9164 28 19 828 888
9163 6 6 1058 294
9162 16 29 1002 441
9161 7 20 1577 1043
9160 13 6 490 406
9159 10 13 1315 328
9158 3 7 1565 226
9157 16 16 772 229
9156 20 10 1663 207
9155 16 6 1907 397
9154 16 28 875 1094
9153 22 22 318 898
9152 19 25 305 782
9151 6 19 486 789
9150 22 29 1500 828
9149 19 22 735 193
9148 13 6 1062 195
9147 29 16 1442 123
9146 10 29 676 526
9145 6 10 465 900
9144 6 16 647 872
9143 29 26 719 600
9142 10 6 1747 577
9141 16 16 706 408
9140 26 16 1303 358
9139 16 13 367 703
9138 7 29 598 161
9137 3 20 1645 316
9136 3 9 1558 1056
9135 3 22 1768 195
9134 19 22 1200 449
9133 20 23 1236 246
9132 19 13 1688 640
9131 16 13 654 720
9130 6 19 996 631
9129 13 10 606 592
9128 19 16 1967 865
9127 10 13 1315 328
9126 25 28 1909 396
9125 3 23 571 632
9124 29 13 1014 130
9123 23 23 1382 991
9122 23 26 1520 942
9121 26 16 1296 524
9120 6 22 562 614
9119 13 26 1073 1066
9118 6 26 1991 318
9117 3 13 472 300
9116 16 13 367 703
9115 10 10 588 654
9114 19 6 1813 756
9113 16 28 875 1094
9112 13 3 621 723
9111 13 9 820 552
9110 16 29 1883 380
9109 29 26 1724 482
9108 16 3 262 658
9107 23 13 206 128
9106 19 19 873 118
9105 19 16 1319 385
9104 16 13 1121 641
9103 6 13 1201 715
9102 10 13 419 950
9101 3 3 699 786
9100 3 10 1791 520
9099 23 7 983 372
9098 3 13 355 737
9097 26 22 1487 269
9096 22 28 1002 795
9095 16 29 1694 404
9094 29 29 969 833
9093 20 7 386 964
9092 6 22 597 540
9091 29 19 1268 1095
9090 22 9 1805 279
9089 6 10 1572 528
9088 16 6 1907 397
9087 16 6 1907 397
9086 3 16 1456 192
9085 13 16 1785 297
9084 3 19 1432 1051
9083 7 10 801 919
9082 10 29 1194 399
9081 29 20 1704 502
9080 10 10 588 654
9079 22 13 667 765
9078 6 13 1201 715
9077 25 6 647 415
9076 10 29 1194 399
9075 7 7 501 800
9074 22 16 644 313
9073 10 3 1886 632
9072 28 25 952 377
9071 3 19 952 540
9070 29 20 1160 237
9069 3 13 1907 307
9068 22 19 1628 332
9067 20 13 636 446
9066 9 9 1137 1019
9065 13 13 1714 399
9064 23 13 206 128
9063 13 20 1925 840
9062 6 10 465 900
9061 22 25 224 467
9060 10 19 709 692
9059 16 6 1188 697
9058 29 22 561 236
9057 26 10 574 593
9056 16 26 1590 728
9055 29 23 1148 789
9054 16 29 533 935
9053 6 3 1347 609
9052 19 9 1059 580
9051 9 13 211 1039
9050 26 6 1156 1073
9049 28 6 1208 309
9048 29 10 243 775
9047 19 16 1351 615
9046 22 3 480 1037
9045 10 3 1641 417
9044 29 10 483 1038
9043 16 23 746 416
9042 19 26 309 271
9041 13 3 690 686
9040 26 20 1645 318
9039 13 6 1987 926
9038 6 22 562 614
9037 28 22 330 563
9036 20 13 848 198
9035 13 29 626 332
9034 25 22 471 448
9033 22 10 1233 546
9032 3 16 1391 846
9031 13 6 1062 195
9030 13 29 1255 923
9029 6 10 1572 528
9028 19 6 1204 453
9027 20 23 1551 986
9026 22 22 930 324
9025 9 25 849 1008
9024 22 22 626 1048
9023 29 13 1014 130
9022 6 10 713 921
9021 20 20 418 893
9020 3 13 685 443
9019 22 3 1565 763
9018 7 7 1524 189
9017 6 28 1820 271
9016 7 20 1880 705
9015 29 16 584 203
9014 22 16 644 313
9013 13 6 1699 1020
9012 20 23 1325 338
9011 3 13 1889 538
9010 22 19 602 291
9009 20 13 848 198
9008 13 23 1714 347
9007 22 10 1079 154
9006 9 19 1281 241
9005 23 7 983 372
9004 19 22 1260 355
9003 16 16 1633 195
9002 19 29 1523 353
9001 25 19 1753 524
9000 3 13 355 737
