137 16 13 654 720 
265 26 26 1170 838 
86 26 29 1233 434 
110 26 7 738 375 
349 16 29 1002 441 
349 16 29 1002 441 
11 23 16 868 608 
316 3 13 355 737 
316 3 13 355 737 
253 26 22 1065 616 
350 29 23 1148 789 
354 16 16 706 408 
354 16 16 706 408 
251 3 23 571 632 
251 3 23 571 632 
250 6 22 597 540 
309 16 28 935 528 
309 16 28 935 528 
181 22 22 930 324 
181 22 22 930 324 
56 26 20 971 308 
56 26 20 971 308 
96 25 6 653 107 
74 13 10 483 694 
74 13 10 483 694 
102 25 6 647 415 
429 28 6 707 517 
242 7 29 743 826 
133 22 13 709 953 
6 19 28 946 1021 
6 19 28 946 1021 
217 6 22 562 614 
264 22 28 1002 795 
264 22 28 1002 795 
243 16 28 875 1094 
216 22 25 914 337 
136 6 19 486 789 
33 19 25 854 790 
386 20 13 636 446 
386 20 13 636 446 
53 7 26 634 751 
91 22 3 480 1037 
159 19 25 844 478 
425 23 23 881 353 
425 23 23 881 353 
206 16 23 746 416 
66 22 19 783 277 
66 22 19 783 277 
60 22 13 667 765 
195 28 16 827 999 
195 28 16 827 999 
302 26 7 618 442 
302 26 7 618 442 
400 19 26 836 356 
353 23 29 957 387 
366 25 22 861 590 
191 10 13 419 950 
296 10 13 414 478 
384 28 25 952 377 
114 19 22 735 193 
228 28 19 828 888 
79 29 29 1019 326 
244 10 29 676 526 
152 13 29 719 531 
106 22 16 644 313 
30 13 22 590 660 
340 19 22 691 728 
196 29 29 969 833 
335 7 29 598 161 
409 16 16 527 1100 
402 6 19 406 430 
414 25 13 609 1070 
205 26 10 574 593 
365 13 23 560 244 
89 7 20 412 756 
208 16 10 396 514 
42 25 16 620 1002 
247 10 13 347 187 
332 13 29 626 332 
271 16 3 279 744 
267 22 19 602 291 
120 9 22 452 901 
201 13 25 550 100 
357 25 13 546 1056 
188 20 7 386 964 
288 22 22 626 1048 
139 16 3 262 658 
80 26 26 716 445 
27 25 28 724 816 
112 22 3 338 357 
64 29 29 763 971 
116 29 26 719 600 
278 29 16 584 203 
295 19 6 324 237 
279 16 22 491 581 
193 13 3 203 818 
8 16 13 367 703 
211 29 10 483 1038 
294 25 22 580 176 
361 16 3 227 464 
131 16 29 533 935 
204 13 6 223 597 
165 3 16 220 351 
364 22 19 470 470 
113 10 26 410 192 
418 26 29 610 917 
157 29 22 561 236 
303 19 28 512 778 
275 20 20 418 893 
270 19 28 486 840 
119 23 20 437 996 
29 13 26 396 664 
390 25 22 471 448 
81 25 28 521 989 
23 26 16 403 402 
168 9 13 211 1039 
76 26 26 496 520 
450 16 16 287 918 
235 19 6 217 732 
51 22 13 293 191 
378 28 16 327 1010 
180 25 25 371 509 
277 22 22 318 898 
118 22 19 287 752 
63 25 6 216 182 
408 22 28 347 1058 
237 19 25 305 782 
373 19 26 309 271 
190 16 19 234 1001 
258 28 22 330 563 
175 22 13 226 631 
319 29 10 243 775 
375 22 22 265 766 
164 23 13 206 128 
163 26 19 244 1055 
269 26 29 267 777 
441 22 25 224 467 
341 20 23 204 293 
300 19 28 213 755 
75 25 28 221 802 
