5302 7 29 743 826 
5826 22 22 318 898 
9625 28 19 1240 826 
14035 7 29 598 161 
1607 6 19 406 430 
13741 13 10 606 592 
4373 22 22 318 898 
2040 6 19 486 789 
14215 22 28 347 1058 
5090 20 13 848 198 
7925 20 23 204 293 
5063 10 10 553 631 
11407 16 16 706 408 
3028 25 28 521 989 
10557 16 29 533 935 
12336 20 20 418 893 
11241 26 29 1233 434 
4055 26 29 267 777 
14250 25 6 647 415 
9206 6 22 666 504 
6531 23 23 881 353 
3701 28 22 330 563 
5332 9 22 452 901 
8624 7 29 743 826 
8634 22 25 1227 810 
4319 29 16 584 203 
2830 16 16 706 408 
1151 29 10 243 775 
5269 28 25 952 377 
11588 13 23 916 1026 
6931 29 29 763 971 
1677 29 16 584 203 
9606 22 25 224 467 
14362 29 29 763 971 
2357 7 29 598 161 
9026 22 22 930 324 
10964 19 19 873 118 
8260 16 19 234 1001 
7128 6 22 562 614 
11841 22 3 480 1037 
1413 16 13 654 720 
269 25 28 1370 535 
5814 29 29 969 833 
8629 28 6 707 517 
8516 22 19 470 470 
9108 16 3 262 658 
6956 28 16 827 999 
5879 22 3 338 357 
13539 22 19 287 752 
4486 29 19 1268 1095 
534 29 16 584 203 
8280 22 13 709 953 
12679 22 19 783 277 
10120 23 20 437 996 
5801 16 13 671 726 
5821 19 28 512 778 
7048 26 6 774 314 
6136 3 23 571 632 
9705 22 22 318 898 
11379 16 13 654 720 
13448 29 26 719 600 
739 7 29 598 161 
3416 13 22 590 660 
5693 20 13 636 446 
8431 13 10 606 592 
7547 13 23 560 244 
7140 19 25 844 478 
3641 16 13 367 703 
10973 29 10 483 1038 
2035 25 6 653 107 
10018 16 29 1002 441 
74 20 23 204 293 
4475 19 28 486 840 
2979 19 6 324 237 
5238 22 13 293 191 
13975 19 28 946 1021 
9320 25 13 609 1070 
13023 19 25 305 782 
11710 13 22 590 660 
9627 23 16 868 608 
13635 29 29 763 971 
3173 22 13 293 191 
6904 20 13 636 446 
11798 25 6 216 182 
33 7 29 598 161 
10499 26 6 774 314 
5169 19 26 309 271 
9254 28 19 1240 826 
3845 16 19 234 1001 
8117 9 13 211 1039 
656 16 28 875 1094 
7629 23 29 1232 389 
10604 25 22 580 176 
10933 19 25 854 790 
2153 19 25 854 790 
10264 16 28 935 528 
4413 13 6 490 406 
10457 16 16 287 918 
2283 22 6 683 553 
7373 23 13 206 128 
14259 23 20 437 996 
7488 7 20 412 756 
2993 29 26 719 600 
2203 16 28 935 528 
8679 10 29 676 526 
8058 26 7 738 375 
3 22 19 287 752 
4286 16 29 1083 521 
9907 16 29 533 935 
7891 13 26 396 664 
7503 13 10 483 694 
1109 10 19 709 692 
9273 25 28 521 989 
3534 29 20 1160 237 
4170 10 29 676 526 
1461 10 13 347 187 
5775 13 6 223 597 
1964 28 19 828 888 
12080 23 23 881 353 
297 6 19 406 430 
12978 16 20 816 1079 
7401 13 10 483 694 
10916 23 13 206 128 
6233 13 29 626 332 
554 26 20 971 308 
11076 25 22 580 176 
