id volume peso recompensa duração(s)
5037 16 22 1579 619
492 13 13 1008 398
1519 13 10 483 694
5008 25 6 653 107
8594 29 29 969 833
8793 25 28 1909 396
5667 19 9 1897 881
4275 16 3 704 1025
13453 3 3 1563 535
13198 9 25 849 1008
1024 3 23 571 632
3084 28 19 1240 826
12836 13 3 621 723
9422 16 3 227 464
1013 6 6 631 145
821 3 22 940 937
1614 29 16 584 203
13518 29 10 1463 145
10829 28 6 707 517
6459 19 26 836 356
5752 19 6 1108 1031
12946 28 9 1185 918
2354 16 19 1193 338
7158 19 16 1319 385
8282 28 16 327 1010
4371 13 29 719 531
831 6 3 1176 551
4097 16 29 1694 404
2608 19 13 1875 107
13819 16 28 875 1094
7325 13 25 1026 365
1584 22 22 930 324
5648 6 16 647 872
11872 19 29 1523 353
1859 16 6 1188 697
3979 26 16 403 402
2509 13 6 1699 1020
7215 3 13 633 583
10515 20 20 418 893
2566 16 28 1863 653
7201 13 16 1838 354
9702 13 3 203 818
5715 7 23 1303 229
12281 6 26 1291 1035
8344 13 20 1951 729
398 16 3 1518 1053
8916 19 28 486 840
4995 26 26 1261 1009
12227 7 20 1577 1043
10876 26 16 1296 524
12699 16 28 1863 653
7337 13 16 1838 354
11525 13 3 466 937
4495 13 25 550 100
3620 23 16 1918 1042
5959 10 19 709 692
2671 22 19 470 470
770 29 16 1442 123
11631 13 13 1679 146
8243 16 29 1142 878
11984 22 25 914 337
10570 22 3 480 1037
9159 10 13 1315 328
1797 28 19 828 888
1842 19 26 309 271
3709 20 10 1569 720
8457 16 29 1694 404
9897 20 23 204 293
10292 3 20 1434 362
3656 26 22 1165 1100
5041 16 3 477 194
3093 19 22 1897 986
13351 19 10 1820 348
5783 16 16 878 697
6964 20 7 894 300
6871 13 29 1511 325
2632 6 10 1572 528
796 29 10 1463 145
9011 3 13 1889 538
10361 22 10 1079 154
8397 16 3 704 1025
10106 6 22 562 614
11671 22 10 1079 154
4664 7 23 1303 229
7643 16 28 1821 660
4774 29 10 1463 145
12357 29 20 1160 237
8347 7 10 1630 963
9109 29 26 1724 482
1276 28 9 1185 918
2872 16 3 704 1025
2140 19 3 784 755
11886 6 6 1058 294
5509 9 9 427 447
1230 19 19 1437 576
11621 10 13 414 478
11364 26 26 716 445
13090 26 20 971 308
2899 25 19 1753 524
5890 26 20 971 308
406 29 23 1148 789
1011 16 13 367 703
8612 10 7 1801 301
12395 3 3 355 869
9395 26 22 1348 605
11517 19 3 522 1009
3202 25 28 1370 535
7799 13 10 1614 331
4927 19 25 844 478
12416 29 29 969 833
952 16 19 1873 697
13558 19 3 638 618
11541 19 22 735 193
5393 13 13 1679 146
13458 16 23 746 416
10844 16 16 772 229
3504 10 6 542 430
10993 10 10 1285 483
9861 13 20 1925 840
3127 16 22 1579 619
1913 16 28 875 1094
12637 3 16 501 692
6360 13 6 1699 1020
5967 25 28 221 802
7684 29 22 561 236
860 16 3 262 658
9792 23 26 1520 942
679 19 10 1820 348
13479 23 29 1789 900
2179 19 22 1804 622
13795 16 26 1789 1077
2895 3 19 1928 713
6787 3 16 220 351
9136 3 9 1558 1056
7701 26 7 738 375
4132 19 10 1820 348
13265 3 13 1907 307
1425 19 9 1897 881
10893 22 16 1175 863
70 3 13 1306 202
5087 20 13 636 446
6252 26 6 1627 732
11030 3 23 1410 1028
2427 23 16 868 608
4996 6 22 666 504
7544 26 6 1627 732
11608 3 16 1391 846
1944 6 16 647 872
14316 26 26 496 520
6380 26 26 1261 1009
5187 22 10 1079 154
5058 13 6 223 597
13507 16 19 234 1001
10232 22 28 1717 549
7871 16 3 279 744
10334 20 7 386 964
10542 13 29 1511 325
681 13 26 1639 927
9301 10 13 419 950
12212 25 6 216 182
11273 22 16 1175 863
13123 19 28 213 755
6398 22 19 602 291
3010 19 22 1804 622
11291 16 13 707 359
9052 19 9 1059 580
9753 23 20 1536 804
11941 23 7 983 372
10345 16 3 1518 1053
11298 26 19 244 1055
2644 10 19 1278 267
3719 3 13 1889 538
9132 19 13 1688 640
1359 22 29 1500 828
13464 13 23 916 1026
6648 19 6 1204 453
7098 3 3 1563 535
4142 10 6 1747 577
14141 13 6 580 558
1971 13 26 1253 542
65 19 13 1904 276
1773 19 13 884 455
2395 13 16 1894 625
13161 6 16 647 872
14168 3 23 697 699
8766 26 6 1156 1073
11563 7 10 1672 419
1872 28 25 952 377
7228 3 10 984 463
3954 23 7 983 372
4746 19 16 1489 751
10730 16 10 396 514
9624 13 16 1838 354
7050 25 6 647 415
11216 7 13 734 917
11040 26 29 1233 434
588 19 16 1319 385
13125 7 13 734 917
8350 10 10 1856 576
5342 3 16 220 351
3473 13 9 1857 1017
5614 3 20 1263 905
11880 9 25 849 1008
6173 19 13 1537 614
4735 16 16 527 1100
6820 10 13 347 187
12593 13 13 1679 146
13679 19 25 1263 748
4276 10 16 1202 634
5141 22 22 265 766
10243 25 13 1251 384
1620 19 28 946 1021
9733 13 29 719 531
13244 16 19 1193 338
6680 19 16 1351 615
3894 13 23 560 244
4214 16 22 1579 619
5354 9 6 1467 681
2735 29 10 483 1038
6454 13 9 1857 1017
13976 13 26 1073 1066
11891 3 13 685 443
3307 3 16 1391 846
11661 25 22 1331 509
9923 23 29 1789 900
13277 20 3 1785 160
12052 6 29 1800 116
9386 3 16 1456 192
1921 26 16 1296 524
1260 3 23 697 699
3311 22 29 1448 487
11323 6 19 1185 822
2234 19 16 1489 751
6337 19 28 213 755
4197 26 6 1627 732
7584 9 6 748 381
9068 22 19 1628 332
13692 6 13 1713 686
8385 25 6 216 182
8324 16 3 704 1025
4920 16 3 227 464
558 10 3 1641 417
13202 10 10 1285 483
5024 22 9 1805 279
3246 16 3 477 194
1212 23 16 1936 498
6119 20 16 1200 991
10627 10 7 1801 301
6069 13 3 795 302
7058 13 3 203 818
7594 6 19 406 430
9129 13 10 606 592
11627 13 20 1951 729
4549 22 22 626 1048
12129 6 19 406 430
5833 16 29 533 935
5796 16 13 1718 114
1253 6 3 1176 551
11833 6 19 1185 822
895 13 13 1008 398
4867 7 23 1303 229
14183 3 13 1210 892
9690 19 16 1319 385
271 29 20 1704 502
8852 6 29 834 900
8279 6 13 1713 686
13213 29 26 719 600
11225 23 29 957 387
3392 9 9 1137 1019
8960 16 13 1121 641
13206 13 3 455 292
3718 13 25 1026 365
3276 19 16 1489 751
11540 22 13 293 191
12630 3 16 220 351
7754 26 20 971 308
5130 25 19 1753 524
7312 3 13 1502 270
8963 6 6 442 900
13994 6 6 564 1017
2067 19 6 1108 1031
1671 13 26 396 664
6121 19 22 1719 159
9260 16 3 279 744
7948 7 23 907 152
11607 19 3 1814 369
12740 3 13 1210 892
11512 26 29 1233 434
704 19 19 1437 576
10655 6 29 834 900
4523 6 22 597 540
8822 28 19 1240 826
12597 6 22 666 504
7763 16 6 755 874
6033 13 3 621 723
5256 9 13 211 1039
12702 29 16 1051 169
9909 16 22 1579 619
13264 7 7 1524 189
11301 25 28 724 816
6409 16 13 1121 641
10726 13 9 820 552
4155 13 26 1253 542
12811 6 6 442 900
11307 25 22 861 590
12019 3 7 1565 226
9651 7 26 1166 552
11951 16 6 1188 697
4645 3 3 1563 535
1760 16 13 1121 641
5992 10 16 1202 634
6158 19 6 1813 756
2861 16 19 234 1001
13993 26 22 1513 447
12322 7 7 1524 189
2827 29 10 243 775
2634 3 13 751 234
11397 26 6 1627 732
14017 10 3 547 766
13739 19 28 486 840
10923 23 29 1789 900
11544 28 6 707 517
4487 7 16 789 650
13899 26 29 1233 434
9038 6 22 562 614
13804 16 10 1309 888
12035 9 22 909 192
7369 19 9 1059 580
2627 22 13 226 631
4819 3 7 1565 226
3494 19 16 1012 845
10928 19 19 1990 106
7254 3 3 575 287
11701 16 6 1188 697
6375 16 13 1718 114
5405 13 29 626 332
855 13 20 1951 729
13186 6 10 713 921
10661 22 29 1500 828
14220 29 29 1019 326
1839 13 6 1987 926
3787 28 22 1166 491
12873 13 6 1062 195
3005 19 6 1813 756
9253 13 3 466 937
10972 29 10 243 775
3961 10 26 1229 237
228 19 16 1967 865
7381 7 13 734 917
1589 23 20 1786 1041
11046 22 13 226 631
361 26 20 1645 318
1345 23 23 1382 991
3415 13 29 626 332
5531 22 19 1628 332
7993 7 26 1166 552
6982 10 13 414 478
1221 7 29 743 826
2748 25 22 471 448
10362 13 9 1857 1017
998 16 13 654 720
2518 10 16 1202 634
4222 22 13 1897 272
1745 6 6 1445 1014
7255 19 3 522 1009
13886 16 28 875 1094
5679 16 29 1142 878
6757 25 16 620 1002
11410 6 16 647 872
12942 6 16 647 872
879 6 6 1445 1014
10100 7 29 743 826
10786 29 26 1724 482
5017 3 13 530 916
1987 3 20 1434 362
7509 6 29 1859 261
6726 22 19 470 470
11064 10 13 1315 328
538 10 29 676 526
11072 25 22 471 448
9369 6 26 1291 1035
3796 26 29 1233 434
4861 29 26 1724 482
2767 7 13 898 325
3302 22 10 1848 196
5449 29 29 763 971
6553 22 25 224 467
11347 16 13 1718 114
2563 10 6 1765 970
12749 29 20 1704 502
12529 7 20 1241 674
11073 19 6 1204 453
13017 16 10 1508 454
4544 23 26 1913 600
2115 26 7 738 375
3952 3 13 1210 892
10445 26 7 618 442
3867 7 26 1166 552
12009 3 22 940 937
13251 10 26 410 192
8663 20 20 418 893
14030 13 3 795 302
9212 16 23 746 416
5626 25 22 471 448
9989 29 26 719 600
66 9 25 1529 1008
12446 22 9 1805 279
5750 26 26 1170 838
6520 22 19 1628 332
291 3 10 984 463
12776 25 22 471 448
5021 23 16 868 608
11391 20 16 851 446
5958 22 10 1848 196
2104 28 22 1166 491
101 13 13 1679 146
9524 13 23 560 244
2779 3 3 575 287
3607 23 29 1789 900
152 25 6 216 182
12234 3 13 1306 202
12697 22 3 1565 763
12285 26 22 1065 616
1457 19 16 1012 845
10066 3 19 901 980
4115 16 29 1083 521
5264 16 29 1002 441
9895 7 7 1524 189
858 26 7 738 375
5644 7 20 1880 705
7696 6 3 615 970
11664 23 20 437 996
2636 16 13 1477 513
4841 22 19 470 470
11341 3 22 940 937
12764 25 22 861 590
5152 20 23 1325 338
1477 22 16 644 313
2716 13 3 466 937
10530 22 16 1175 863
8517 26 19 244 1055
8479 13 26 1253 542
12522 13 3 455 292
7986 16 28 935 528
4972 23 23 1366 481
2459 3 10 579 103
12110 13 3 203 818
11735 28 6 1065 121
5634 22 13 1897 272
8148 23 20 1786 1041
1753 20 7 894 300
3844 25 19 1753 524
11390 23 3 1396 143
6821 29 10 483 1038
12447 6 22 562 614
